1000 3000
0 1 1
0 2 1
0 3 1
0 4 1
0 5 1
0 6 1
0 7 1
0 8 1
0 9 1
0 10 1
0 11 1
0 12 1
0 13 1
0 14 1
0 15 1
0 16 1
0 17 1
0 18 1
0 19 1
0 20 1
0 21 1
0 22 1
0 23 1
0 24 1
0 25 1
0 26 1
0 27 1
0 28 1
0 29 1
0 30 1
0 31 1
0 32 1
0 33 1
0 34 1
0 35 1
0 36 1
0 37 1
0 38 1
0 39 1
0 40 1
0 41 1
0 42 1
0 43 1
0 44 1
0 45 1
0 46 1
0 47 1
0 48 1
0 49 1
0 50 1
0 51 1
0 52 1
0 53 1
0 54 1
0 55 1
0 56 1
0 57 1
0 58 1
0 59 1
0 60 1
0 61 1
0 62 1
0 63 1
0 64 1
0 65 1
0 66 1
0 67 1
0 68 1
0 69 1
0 70 1
0 71 1
0 72 1
0 73 1
0 74 1
0 75 1
0 76 1
0 77 1
0 78 1
0 79 1
0 80 1
0 81 1
0 82 1
0 83 1
0 84 1
0 85 1
0 86 1
0 87 1
0 88 1
0 89 1
0 90 1
0 91 1
0 92 1
0 93 1
0 94 1
0 95 1
0 96 1
0 97 1
0 98 1
0 99 1
0 100 1
0 101 1
0 102 1
0 103 1
0 104 1
0 105 1
0 106 1
0 107 1
0 108 1
0 109 1
0 110 1
0 111 1
0 112 1
0 113 1
0 114 1
0 115 1
0 116 1
0 117 1
0 118 1
0 119 1
0 120 1
0 121 1
0 122 1
0 123 1
0 124 1
0 125 1
0 126 1
0 127 1
0 128 1
0 129 1
0 130 1
0 131 1
0 132 1
0 133 1
0 134 1
0 135 1
0 136 1
0 137 1
0 138 1
0 139 1
0 140 1
0 141 1
0 142 1
0 143 1
0 144 1
0 145 1
0 146 1
0 147 1
0 148 1
0 149 1
0 150 1
0 151 1
0 152 1
0 153 1
0 154 1
0 155 1
0 156 1
0 157 1
0 158 1
0 159 1
0 160 1
0 161 1
0 162 1
0 163 1
0 164 1
0 165 1
0 166 1
0 167 1
0 168 1
0 169 1
0 170 1
0 171 1
0 172 1
0 173 1
0 174 1
0 175 1
0 176 1
0 177 1
0 178 1
0 179 1
0 180 1
0 181 1
0 182 1
0 183 1
0 184 1
0 185 1
0 186 1
0 187 1
0 188 1
0 189 1
0 190 1
0 191 1
0 192 1
0 193 1
0 194 1
0 195 1
0 196 1
0 197 1
0 198 1
0 199 1
0 200 1
0 201 1
0 202 1
0 203 1
0 204 1
0 205 1
0 206 1
0 207 1
0 208 1
0 209 1
0 210 1
0 211 1
0 212 1
0 213 1
0 214 1
0 215 1
0 216 1
0 217 1
0 218 1
0 219 1
0 220 1
0 221 1
0 222 1
0 223 1
0 224 1
0 225 1
0 226 1
0 227 1
0 228 1
0 229 1
0 230 1
0 231 1
0 232 1
0 233 1
0 234 1
0 235 1
0 236 1
0 237 1
0 238 1
0 239 1
0 240 1
0 241 1
0 242 1
0 243 1
0 244 1
0 245 1
0 246 1
0 247 1
0 248 1
0 249 1
0 250 1
0 251 1
0 252 1
0 253 1
0 254 1
0 255 1
0 256 1
0 257 1
0 258 1
0 259 1
0 260 1
0 261 1
0 262 1
0 263 1
0 264 1
0 265 1
0 266 1
0 267 1
0 268 1
0 269 1
0 270 1
0 271 1
0 272 1
0 273 1
0 274 1
0 275 1
0 276 1
0 277 1
0 278 1
0 279 1
0 280 1
0 281 1
0 282 1
0 283 1
0 284 1
0 285 1
0 286 1
0 287 1
0 288 1
0 289 1
0 290 1
0 291 1
0 292 1
0 293 1
0 294 1
0 295 1
0 296 1
0 297 1
0 298 1
0 299 1
0 300 1
0 301 1
0 302 1
0 303 1
0 304 1
0 305 1
0 306 1
0 307 1
0 308 1
0 309 1
0 310 1
0 311 1
0 312 1
0 313 1
0 314 1
0 315 1
0 316 1
0 317 1
0 318 1
0 319 1
0 320 1
0 321 1
0 322 1
0 323 1
0 324 1
0 325 1
0 326 1
0 327 1
0 328 1
0 329 1
0 330 1
0 331 1
0 332 1
0 333 1
0 334 1
0 335 1
0 336 1
0 337 1
0 338 1
0 339 1
0 340 1
0 341 1
0 342 1
0 343 1
0 344 1
0 345 1
0 346 1
0 347 1
1 48 1
1 53 1
1 54 1
1 73 1
1 88 1
1 92 1
1 119 1
1 126 1
1 133 1
1 194 1
1 236 1
1 280 1
1 299 1
1 315 1
1 322 1
1 346 1
2 20 1
2 115 1
2 116 1
2 149 1
2 226 1
2 312 1
2 326 1
2 333 1
2 343 1
3 9 1
3 25 1
3 26 1
3 67 1
3 72 1
3 85 1
3 122 1
3 142 1
3 170 1
3 188 1
3 200 1
3 228 1
3 274 1
3 280 1
3 283 1
3 323 1
4 78 1
4 152 1
4 181 1
4 195 1
4 218 1
4 273 1
4 275 1
4 306 1
4 328 1
5 87 1
5 122 1
5 156 1
5 158 1
5 169 1
5 180 1
5 187 1
5 204 1
5 213 1
5 235 1
5 315 1
5 316 1
6 89 1
6 95 1
6 147 1
6 219 1
6 319 1
7 22 1
7 31 1
7 38 1
7 65 1
7 87 1
7 103 1
7 129 1
7 136 1
7 168 1
7 213 1
7 246 1
7 291 1
7 304 1
7 308 1
7 315 1
7 322 1
7 339 1
7 340 1
7 347 1
8 91 1
8 110 1
8 193 1
8 201 1
8 245 1
8 259 1
8 264 1
9 21 1
9 25 1
9 26 1
9 30 1
9 56 1
9 66 1
9 67 1
9 69 1
9 72 1
9 75 1
9 79 1
9 85 1
9 105 1
9 113 1
9 119 1
9 122 1
9 128 1
9 133 1
9 134 1
9 141 1
9 142 1
9 148 1
9 156 1
9 161 1
9 169 1
9 170 1
9 176 1
9 185 1
9 186 1
9 188 1
9 199 1
9 200 1
9 203 1
9 224 1
9 231 1
9 232 1
9 252 1
9 258 1
9 271 1
9 272 1
9 276 1
9 277 1
9 280 1
9 285 1
9 291 1
9 295 1
9 297 1
9 304 1
9 315 1
9 322 1
9 323 1
9 329 1
9 334 1
9 341 1
9 342 1
10 67 1
10 142 1
10 169 1
10 200 1
10 277 1
10 285 1
10 291 1
10 323 1
10 332 1
13 21 1
13 26 1
13 56 1
13 59 1
13 65 1
13 67 1
13 82 1
13 98 1
13 109 1
13 118 1
13 119 1
13 148 1
13 172 1
13 188 1
13 199 1
13 211 1
13 223 1
13 236 1
13 238 1
13 239 1
13 252 1
13 261 1
13 265 1
13 271 1
13 277 1
13 304 1
13 313 1
13 325 1
13 332 1
13 342 1
14 20 1
14 28 1
14 41 1
14 115 1
14 116 1
14 144 1
14 149 1
14 151 1
14 214 1
14 226 1
14 310 1
14 312 1
14 326 1
14 343 1
16 29 1
16 82 1
16 118 1
16 172 1
16 261 1
16 329 1
16 331 1
16 332 1
17 19 1
17 41 1
17 111 1
17 115 1
17 116 1
17 137 1
17 140 1
17 144 1
17 214 1
17 310 1
17 312 1
17 326 1
19 41 1
19 89 1
19 112 1
19 115 1
19 138 1
19 174 1
19 175 1
19 214 1
19 227 1
19 289 1
19 293 1
19 312 1
19 319 1
19 343 1
20 41 1
20 44 1
20 111 1
20 115 1
20 149 1
20 162 1
20 214 1
20 226 1
20 312 1
20 326 1
20 333 1
20 343 1
21 25 1
21 26 1
21 31 1
21 39 1
21 40 1
21 55 1
21 56 1
21 66 1
21 67 1
21 88 1
21 98 1
21 104 1
21 105 1
21 108 1
21 109 1
21 119 1
21 121 1
21 122 1
21 123 1
21 127 1
21 134 1
21 136 1
21 142 1
21 159 1
21 161 1
21 165 1
21 169 1
21 170 1
21 184 1
21 186 1
21 188 1
21 197 1
21 200 1
21 203 1
21 212 1
21 223 1
21 232 1
21 235 1
21 236 1
21 239 1
21 248 1
21 251 1
21 252 1
21 271 1
21 272 1
21 274 1
21 277 1
21 280 1
21 281 1
21 284 1
21 297 1
21 304 1
21 308 1
21 313 1
21 315 1
21 322 1
21 323 1
21 325 1
21 332 1
21 334 1
21 342 1
21 345 1
22 87 1
22 158 1
22 168 1
22 185 1
22 277 1
22 308 1
22 324 1
22 339 1
22 347 1
23 51 1
23 61 1
23 83 1
23 99 1
23 116 1
23 124 1
23 144 1
23 155 1
23 175 1
23 190 1
23 227 1
23 230 1
23 237 1
23 240 1
23 245 1
23 267 1
24 53 1
24 57 1
24 80 1
24 92 1
24 94 1
24 101 1
24 180 1
24 187 1
24 194 1
24 242 1
24 249 1
24 266 1
24 299 1
24 302 1
24 346 1
25 26 1
25 31 1
25 39 1
25 40 1
25 51 1
25 56 1
25 65 1
25 67 1
25 69 1
25 72 1
25 73 1
25 76 1
25 79 1
25 83 1
25 84 1
25 88 1
25 94 1
25 98 1
25 103 1
25 104 1
25 105 1
25 113 1
25 119 1
25 122 1
25 130 1
25 141 1
25 148 1
25 158 1
25 169 1
25 170 1
25 176 1
25 185 1
25 186 1
25 188 1
25 199 1
25 200 1
25 203 1
25 221 1
25 224 1
25 231 1
25 232 1
25 236 1
25 237 1
25 239 1
25 246 1
25 252 1
25 257 1
25 270 1
25 271 1
25 272 1
25 276 1
25 277 1
25 280 1
25 283 1
25 285 1
25 288 1
25 290 1
25 291 1
25 297 1
25 322 1
25 323 1
25 325 1
25 331 1
25 332 1
25 336 1
26 40 1
26 55 1
26 56 1
26 62 1
26 66 1
26 67 1
26 69 1
26 72 1
26 79 1
26 98 1
26 104 1
26 109 1
26 113 1
26 118 1
26 119 1
26 122 1
26 123 1
26 128 1
26 133 1
26 134 1
26 141 1
26 142 1
26 158 1
26 161 1
26 169 1
26 170 1
26 172 1
26 176 1
26 185 1
26 186 1
26 188 1
26 199 1
26 200 1
26 203 1
26 212 1
26 223 1
26 224 1
26 232 1
26 236 1
26 239 1
26 248 1
26 252 1
26 257 1
26 265 1
26 271 1
26 276 1
26 277 1
26 280 1
26 285 1
26 291 1
26 295 1
26 297 1
26 298 1
26 304 1
26 308 1
26 313 1
26 315 1
26 322 1
26 323 1
26 325 1
26 332 1
26 334 1
27 54 1
27 119 1
27 324 1
27 329 1
28 41 1
28 115 1
28 116 1
28 140 1
28 144 1
28 149 1
28 151 1
28 226 1
28 310 1
28 312 1
28 326 1
29 40 1
29 82 1
29 106 1
29 118 1
29 172 1
29 203 1
29 211 1
29 231 1
29 247 1
29 252 1
29 338 1
30 48 1
30 56 1
30 73 1
30 178 1
30 188 1
30 200 1
30 213 1
30 224 1
30 236 1
30 271 1
30 303 1
30 304 1
30 322 1
30 329 1
30 331 1
31 51 1
31 67 1
31 83 1
31 84 1
31 109 1
31 122 1
31 129 1
31 142 1
31 168 1
31 200 1
31 237 1
31 252 1
31 277 1
31 280 1
31 291 1
31 304 1
31 308 1
31 338 1
31 339 1
32 93 1
32 137 1
32 167 1
32 310 1
32 337 1
33 42 1
34 173 1
34 348 1
34 349 1
34 350 1
35 143 1
36 108 1
36 127 1
36 135 1
36 184 1
36 197 1
36 251 1
36 281 1
36 284 1
36 309 1
36 320 1
38 117 1
38 141 1
38 178 1
38 248 1
38 322 1
38 332 1
38 339 1
39 69 1
39 105 1
39 119 1
39 121 1
39 141 1
39 161 1
39 165 1
39 200 1
39 257 1
39 277 1
39 280 1
39 313 1
40 56 1
40 67 1
40 72 1
40 77 1
40 113 1
40 132 1
40 133 1
40 141 1
40 142 1
40 158 1
40 169 1
40 172 1
40 199 1
40 200 1
40 203 1
40 212 1
40 213 1
40 224 1
40 231 1
40 232 1
40 239 1
40 257 1
40 258 1
40 265 1
40 271 1
40 272 1
40 274 1
40 277 1
40 280 1
40 298 1
40 304 1
40 307 1
40 315 1
40 317 1
40 322 1
40 325 1
40 329 1
40 332 1
40 334 1
41 44 1
41 93 1
41 111 1
41 115 1
41 116 1
41 137 1
41 140 1
41 144 1
41 151 1
41 214 1
41 226 1
41 230 1
41 243 1
41 310 1
41 312 1
41 326 1
41 337 1
41 343 1
44 111 1
44 312 1
44 343 1
45 67 1
45 104 1
45 122 1
45 132 1
45 142 1
45 186 1
45 200 1
45 221 1
45 303 1
45 322 1
45 345 1
46 143 1
46 175 1
46 177 1
46 278 1
47 301 1
48 53 1
48 54 1
48 57 1
48 73 1
48 80 1
48 88 1
48 119 1
48 126 1
48 130 1
48 180 1
48 199 1
48 203 1
48 271 1
48 299 1
48 302 1
48 320 1
48 322 1
48 330 1
48 332 1
49 192 1
49 241 1
49 255 1
50 109 1
50 113 1
50 119 1
50 146 1
50 148 1
50 203 1
50 277 1
50 314 1
50 331 1
50 334 1
51 83 1
51 84 1
51 237 1
52 192 1
53 54 1
53 88 1
53 92 1
53 94 1
53 101 1
53 130 1
53 146 1
53 180 1
53 191 1
53 194 1
53 196 1
53 204 1
53 213 1
53 242 1
53 248 1
53 249 1
53 254 1
53 260 1
53 266 1
53 299 1
53 302 1
53 315 1
53 317 1
53 322 1
53 330 1
53 332 1
53 346 1
54 119 1
54 313 1
54 329 1
55 56 1
55 67 1
55 104 1
55 122 1
55 123 1
55 170 1
55 185 1
55 186 1
55 200 1
55 203 1
55 239 1
55 252 1
55 261 1
55 277 1
56 59 1
56 60 1
56 62 1
56 63 1
56 66 1
56 67 1
56 72 1
56 75 1
56 82 1
56 88 1
56 98 1
56 103 1
56 104 1
56 109 1
56 113 1
56 118 1
56 119 1
56 122 1
56 128 1
56 132 1
56 134 1
56 136 1
56 141 1
56 142 1
56 161 1
56 169 1
56 170 1
56 172 1
56 185 1
56 186 1
56 188 1
56 199 1
56 200 1
56 203 1
56 207 1
56 211 1
56 212 1
56 213 1
56 221 1
56 222 1
56 223 1
56 231 1
56 232 1
56 238 1
56 239 1
56 252 1
56 261 1
56 265 1
56 271 1
56 272 1
56 276 1
56 277 1
56 285 1
56 290 1
56 291 1
56 297 1
56 298 1
56 303 1
56 304 1
56 313 1
56 315 1
56 322 1
56 323 1
56 325 1
56 331 1
56 332 1
56 334 1
56 341 1
56 342 1
57 80 1
57 92 1
57 108 1
57 184 1
57 204 1
57 213 1
57 242 1
57 249 1
57 277 1
57 302 1
57 320 1
57 346 1
58 107 1
58 171 1
58 269 1
58 351 1
58 352 1
58 353 1
58 354 1
58 355 1
58 356 1
58 357 1
58 358 1
59 82 1
59 98 1
59 118 1
59 172 1
59 186 1
59 203 1
59 211 1
59 238 1
59 239 1
59 250 1
59 252 1
59 261 1
59 268 1
59 271 1
59 325 1
59 342 1
60 158 1
60 239 1
60 285 1
60 291 1
60 313 1
60 322 1
61 193 1
62 67 1
62 96 1
62 98 1
62 122 1
62 130 1
62 133 1
62 141 1
62 142 1
62 161 1
62 170 1
62 186 1
62 199 1
62 200 1
62 223 1
62 224 1
62 236 1
62 239 1
62 261 1
62 276 1
62 318 1
62 322 1
62 323 1
62 341 1
63 261 1
63 271 1
63 313 1
63 342 1
64 100 1
64 119 1
64 150 1
64 171 1
64 189 1
64 217 1
65 82 1
65 118 1
65 203 1
65 252 1
65 261 1
65 297 1
65 314 1
65 339 1
66 67 1
66 113 1
66 122 1
66 134 1
66 142 1
66 239 1
66 252 1
66 304 1
66 308 1
66 334 1
67 69 1
67 72 1
67 75 1
67 79 1
67 82 1
67 98 1
67 104 1
67 109 1
67 113 1
67 118 1
67 119 1
67 122 1
67 123 1
67 128 1
67 134 1
67 136 1
67 141 1
67 142 1
67 156 1
67 158 1
67 161 1
67 169 1
67 170 1
67 185 1
67 186 1
67 188 1
67 196 1
67 199 1
67 200 1
67 203 1
67 212 1
67 213 1
67 223 1
67 224 1
67 236 1
67 239 1
67 248 1
67 252 1
67 261 1
67 265 1
67 271 1
67 272 1
67 277 1
67 280 1
67 285 1
67 290 1
67 297 1
67 303 1
67 304 1
67 308 1
67 313 1
67 315 1
67 322 1
67 323 1
67 324 1
67 325 1
67 332 1
67 334 1
67 342 1
67 344 1
67 345 1
68 99 1
68 143 1
68 175 1
68 177 1
68 225 1
68 227 1
68 263 1
68 296 1
69 105 1
69 121 1
69 236 1
69 304 1
70 230 1
71 230 1
71 307 1
72 113 1
72 132 1
72 141 1
72 165 1
72 172 1
72 199 1
72 200 1
72 212 1
72 232 1
72 239 1
72 252 1
72 271 1
72 272 1
72 291 1
72 298 1
72 329 1
73 88 1
73 126 1
73 130 1
73 299 1
73 331 1
75 85 1
75 170 1
75 188 1
75 200 1
75 258 1
75 272 1
75 274 1
75 304 1
75 322 1
75 323 1
76 270 1
77 117 1
77 231 1
77 294 1
77 332 1
78 181 1
78 195 1
78 218 1
78 273 1
78 275 1
78 306 1
78 328 1
79 119 1
79 185 1
79 188 1
79 200 1
79 252 1
79 271 1
79 272 1
80 88 1
80 92 1
80 94 1
80 101 1
80 173 1
80 180 1
80 187 1
80 194 1
80 204 1
80 213 1
80 242 1
80 249 1
80 266 1
80 299 1
80 300 1
80 315 1
80 320 1
80 330 1
80 346 1
81 269 1
81 286 1
82 84 1
82 98 1
82 118 1
82 119 1
82 121 1
82 123 1
82 148 1
82 158 1
82 169 1
82 170 1
82 172 1
82 199 1
82 203 1
82 211 1
82 222 1
82 231 1
82 238 1
82 252 1
82 261 1
82 268 1
82 271 1
82 313 1
82 314 1
82 318 1
82 325 1
82 331 1
83 84 1
83 237 1
84 224 1
84 236 1
84 237 1
84 265 1
84 276 1
84 304 1
84 313 1
85 156 1
85 170 1
85 176 1
85 188 1
85 258 1
85 271 1
85 272 1
85 274 1
85 322 1
85 323 1
86 175 1
86 177 1
86 225 1
86 227 1
86 278 1
87 136 1
87 161 1
87 213 1
87 246 1
87 291 1
87 308 1
87 315 1
87 322 1
87 339 1
88 106 1
88 126 1
88 130 1
88 164 1
88 178 1
88 186 1
88 236 1
88 242 1
88 303 1
88 322 1
88 336 1
89 95 1
89 147 1
89 219 1
89 319 1
89 327 1
90 179 1
91 110 1
91 193 1
91 201 1
91 245 1
91 259 1
91 264 1
92 94 1
92 101 1
92 180 1
92 187 1
92 194 1
92 196 1
92 204 1
92 242 1
92 249 1
92 254 1
92 266 1
92 299 1
92 302 1
92 330 1
92 346 1
93 111 1
93 137 1
93 167 1
93 310 1
93 337 1
94 101 1
94 180 1
94 187 1
94 194 1
94 204 1
94 242 1
94 249 1
94 254 1
94 266 1
94 299 1
94 300 1
94 302 1
94 315 1
94 320 1
94 330 1
94 346 1
95 147 1
95 319 1
95 327 1
96 133 1
96 190 1
96 213 1
96 224 1
96 274 1
96 314 1
96 323 1
97 182 1
97 230 1
98 103 1
98 104 1
98 109 1
98 113 1
98 118 1
98 119 1
98 122 1
98 123 1
98 128 1
98 141 1
98 148 1
98 170 1
98 172 1
98 186 1
98 199 1
98 200 1
98 203 1
98 211 1
98 223 1
98 238 1
98 239 1
98 252 1
98 258 1
98 261 1
98 265 1
98 271 1
98 272 1
98 276 1
98 277 1
98 280 1
98 285 1
98 291 1
98 304 1
98 313 1
98 315 1
98 325 1
98 331 1
98 332 1
98 342 1
99 102 1
99 131 1
99 143 1
99 175 1
99 177 1
99 225 1
99 227 1
99 263 1
99 278 1
99 296 1
100 119 1
100 150 1
100 163 1
100 189 1
100 217 1
100 269 1
100 323 1
101 180 1
101 187 1
101 194 1
101 204 1
101 242 1
101 249 1
101 254 1
101 266 1
101 299 1
101 302 1
101 317 1
101 330 1
101 346 1
102 175 1
102 227 1
102 263 1
102 296 1
103 136 1
103 169 1
103 172 1
103 185 1
103 200 1
103 211 1
103 252 1
103 271 1
103 285 1
103 323 1
103 339 1
104 109 1
104 113 1
104 122 1
104 123 1
104 128 1
104 142 1
104 169 1
104 186 1
104 188 1
104 200 1
104 203 1
104 212 1
104 239 1
104 252 1
104 271 1
104 277 1
104 295 1
104 303 1
104 318 1
104 322 1
104 325 1
104 332 1
104 344 1
105 119 1
105 148 1
105 236 1
105 257 1
105 272 1
105 277 1
105 280 1
105 315 1
106 169 1
106 231 1
106 238 1
106 329 1
106 332 1
107 171 1
107 348 1
107 349 1
107 350 1
107 351 1
107 359 1
107 360 1
107 361 1
107 362 1
107 363 1
107 364 1
107 365 1
107 366 1
107 367 1
107 368 1
107 369 1
107 370 1
107 371 1
107 372 1
107 373 1
107 374 1
107 375 1
107 376 1
107 377 1
107 378 1
107 379 1
107 380 1
107 381 1
107 382 1
107 383 1
107 384 1
107 385 1
107 386 1
107 387 1
107 388 1
107 389 1
107 390 1
107 391 1
107 392 1
107 393 1
107 394 1
107 395 1
107 396 1
107 397 1
107 398 1
107 399 1
107 400 1
107 401 1
107 402 1
107 403 1
107 404 1
107 405 1
107 406 1
107 407 1
107 408 1
107 409 1
107 410 1
107 411 1
107 412 1
107 413 1
107 414 1
107 415 1
107 416 1
107 417 1
107 418 1
107 419 1
107 420 1
107 421 1
107 422 1
107 423 1
107 424 1
107 425 1
107 426 1
107 427 1
107 428 1
107 429 1
107 430 1
107 431 1
107 432 1
107 433 1
107 434 1
107 435 1
107 436 1
107 437 1
107 438 1
107 439 1
107 440 1
107 441 1
107 442 1
107 443 1
107 444 1
107 445 1
107 446 1
107 447 1
107 448 1
107 449 1
107 450 1
107 451 1
107 452 1
107 453 1
107 454 1
107 455 1
107 456 1
107 457 1
107 458 1
107 459 1
107 460 1
107 461 1
107 462 1
107 463 1
107 464 1
107 465 1
107 466 1
107 467 1
107 468 1
107 469 1
107 470 1
107 471 1
107 472 1
107 473 1
107 474 1
107 475 1
107 476 1
107 477 1
107 478 1
107 479 1
107 480 1
107 481 1
107 482 1
107 483 1
107 484 1
107 485 1
107 486 1
107 487 1
107 488 1
107 489 1
107 490 1
107 491 1
107 492 1
107 493 1
107 494 1
107 495 1
107 496 1
107 497 1
107 498 1
107 499 1
107 500 1
107 501 1
107 502 1
107 503 1
107 504 1
107 505 1
107 506 1
107 507 1
107 508 1
107 509 1
107 510 1
107 511 1
107 512 1
107 513 1
107 514 1
107 515 1
107 516 1
107 517 1
107 518 1
107 519 1
107 520 1
107 521 1
107 522 1
107 523 1
107 524 1
107 525 1
107 526 1
107 527 1
107 528 1
107 529 1
107 530 1
107 531 1
107 532 1
107 533 1
107 534 1
107 535 1
107 536 1
107 537 1
107 538 1
107 539 1
107 540 1
107 541 1
107 542 1
107 543 1
107 544 1
107 545 1
107 546 1
107 547 1
107 548 1
107 549 1
107 550 1
107 551 1
107 552 1
107 553 1
107 554 1
107 555 1
107 556 1
107 557 1
107 558 1
107 559 1
107 560 1
107 561 1
107 562 1
107 563 1
107 564 1
107 565 1
107 566 1
107 567 1
107 568 1
107 569 1
107 570 1
107 571 1
107 572 1
107 573 1
107 574 1
107 575 1
107 576 1
107 577 1
107 578 1
107 579 1
107 580 1
107 581 1
107 582 1
107 583 1
107 584 1
107 585 1
107 586 1
107 587 1
107 588 1
107 589 1
107 590 1
107 591 1
107 592 1
107 593 1
107 594 1
107 595 1
107 596 1
107 597 1
107 598 1
107 599 1
107 600 1
107 601 1
107 602 1
107 603 1
107 604 1
107 605 1
107 606 1
107 607 1
107 608 1
107 609 1
107 610 1
107 611 1
107 612 1
107 613 1
107 614 1
107 615 1
107 616 1
107 617 1
107 618 1
107 619 1
107 620 1
107 621 1
107 622 1
107 623 1
107 624 1
107 625 1
107 626 1
107 627 1
107 628 1
107 629 1
107 630 1
107 631 1
107 632 1
107 633 1
107 634 1
107 635 1
107 636 1
107 637 1
107 638 1
107 639 1
107 640 1
107 641 1
107 642 1
107 643 1
107 644 1
107 645 1
107 646 1
107 647 1
107 648 1
107 649 1
107 650 1
107 651 1
107 652 1
107 653 1
107 654 1
107 655 1
107 656 1
107 657 1
107 658 1
107 659 1
107 660 1
107 661 1
107 662 1
107 663 1
107 664 1
107 665 1
107 666 1
107 667 1
107 668 1
107 669 1
107 670 1
107 671 1
107 672 1
107 673 1
107 674 1
107 675 1
107 676 1
107 677 1
107 678 1
107 679 1
107 680 1
107 681 1
107 682 1
107 683 1
107 684 1
107 685 1
107 686 1
107 687 1
107 688 1
107 689 1
107 690 1
107 691 1
107 692 1
107 693 1
107 694 1
107 695 1
107 696 1
107 697 1
107 698 1
107 699 1
107 700 1
107 701 1
107 702 1
107 703 1
107 704 1
107 705 1
107 706 1
107 707 1
107 708 1
107 709 1
107 710 1
107 711 1
107 712 1
107 713 1
107 714 1
107 715 1
107 716 1
107 717 1
107 718 1
107 719 1
107 720 1
107 721 1
107 722 1
107 723 1
107 724 1
107 725 1
107 726 1
107 727 1
107 728 1
107 729 1
107 730 1
107 731 1
107 732 1
107 733 1
107 734 1
107 735 1
107 736 1
107 737 1
107 738 1
107 739 1
107 740 1
107 741 1
107 742 1
107 743 1
107 744 1
107 745 1
107 746 1
107 747 1
107 748 1
107 749 1
107 750 1
107 751 1
107 752 1
107 753 1
107 754 1
107 755 1
107 756 1
107 757 1
107 758 1
107 759 1
107 760 1
107 761 1
107 762 1
107 763 1
107 764 1
107 765 1
107 766 1
107 767 1
107 768 1
107 769 1
107 770 1
107 771 1
107 772 1
107 773 1
107 774 1
107 775 1
107 776 1
107 777 1
107 778 1
107 779 1
107 780 1
107 781 1
107 782 1
107 783 1
107 784 1
107 785 1
107 786 1
107 787 1
107 788 1
107 789 1
107 790 1
107 791 1
107 792 1
107 793 1
107 794 1
107 795 1
107 796 1
107 797 1
107 798 1
107 799 1
107 800 1
107 801 1
107 802 1
107 803 1
107 804 1
107 805 1
107 806 1
107 807 1
107 808 1
107 809 1
107 810 1
107 811 1
107 812 1
107 813 1
107 814 1
107 815 1
107 816 1
107 817 1
107 818 1
107 819 1
107 820 1
107 821 1
107 822 1
107 823 1
107 824 1
107 825 1
107 826 1
107 827 1
107 828 1
107 829 1
107 830 1
107 831 1
107 832 1
107 833 1
107 834 1
107 835 1
107 836 1
107 837 1
107 838 1
107 839 1
107 840 1
107 841 1
107 842 1
107 843 1
107 844 1
107 845 1
107 846 1
107 847 1
107 848 1
107 849 1
107 850 1
107 851 1
107 852 1
107 853 1
107 854 1
107 855 1
107 856 1
107 857 1
107 858 1
107 859 1
107 860 1
107 861 1
107 862 1
107 863 1
107 864 1
107 865 1
107 866 1
107 867 1
107 868 1
107 869 1
107 870 1
107 871 1
107 872 1
107 873 1
107 874 1
107 875 1
107 876 1
107 877 1
107 878 1
107 879 1
107 880 1
107 881 1
107 882 1
107 883 1
107 884 1
107 885 1
107 886 1
107 887 1
107 888 1
107 889 1
107 890 1
107 891 1
107 892 1
107 893 1
107 894 1
107 895 1
107 896 1
107 897 1
107 898 1
107 899 1
107 900 1
107 901 1
107 902 1
107 903 1
107 904 1
107 905 1
107 906 1
107 907 1
107 908 1
107 909 1
107 910 1
107 911 1
107 912 1
107 913 1
107 914 1
107 915 1
107 916 1
107 917 1
107 918 1
107 919 1
107 920 1
107 921 1
107 922 1
107 923 1
107 924 1
107 925 1
107 926 1
107 927 1
107 928 1
107 929 1
107 930 1
107 931 1
107 932 1
107 933 1
107 934 1
107 935 1
107 936 1
107 937 1
107 938 1
107 939 1
107 940 1
107 941 1
107 942 1
107 943 1
107 944 1
107 945 1
107 946 1
107 947 1
107 948 1
107 949 1
107 950 1
107 951 1
107 952 1
107 953 1
107 954 1
107 955 1
107 956 1
107 957 1
107 958 1
107 959 1
107 960 1
107 961 1
107 962 1
107 963 1
107 964 1
107 965 1
107 966 1
107 967 1
107 968 1
107 969 1
107 970 1
107 971 1
107 972 1
107 973 1
107 974 1
107 975 1
107 976 1
107 977 1
107 978 1
107 979 1
107 980 1
107 981 1
107 982 1
107 983 1
107 984 1
107 985 1
107 986 1
107 987 1
107 988 1
107 989 1
107 990 1
107 991 1
107 992 1
107 993 1
107 994 1
107 995 1
107 996 1
107 997 1
107 998 1
107 999 1
108 127 1
108 159 1
108 184 1
108 197 1
108 251 1
108 272 1
108 281 1
108 284 1
108 320 1
109 118 1
109 119 1
109 122 1
109 142 1
109 148 1
109 158 1
109 169 1
109 186 1
109 200 1
109 203 1
109 229 1
109 239 1
109 252 1
109 271 1
109 277 1
109 285 1
109 295 1
109 297 1
109 303 1
109 304 1
109 314 1
109 322 1
109 323 1
109 324 1
109 325 1
109 331 1
109 332 1
110 259 1
110 264 1
111 137 1
111 214 1
111 279 1
111 310 1
111 312 1
111 326 1
111 337 1
111 343 1
112 174 1
113 119 1
113 121 1
113 122 1
113 132 1
113 134 1
113 142 1
113 148 1
113 158 1
113 165 1
113 169 1
113 172 1
113 186 1
113 188 1
113 199 1
113 200 1
113 203 1
113 239 1
113 252 1
113 261 1
113 271 1
113 277 1
113 285 1
113 291 1
113 304 1
113 313 1
113 325 1
113 334 1
113 342 1
115 116 1
115 137 1
115 140 1
115 144 1
115 149 1
115 192 1
115 214 1
115 220 1
115 226 1
115 262 1
115 312 1
115 326 1
115 343 1
116 140 1
116 144 1
116 149 1
116 162 1
116 214 1
116 226 1
116 312 1
116 326 1
116 343 1
117 231 1
117 280 1
117 285 1
118 134 1
118 161 1
118 172 1
118 199 1
118 200 1
118 203 1
118 211 1
118 222 1
118 238 1
118 239 1
118 252 1
118 261 1
118 265 1
118 268 1
118 271 1
118 277 1
118 283 1
118 304 1
118 313 1
118 322 1
118 324 1
118 325 1
118 331 1
118 342 1
119 122 1
119 125 1
119 128 1
119 132 1
119 146 1
119 148 1
119 150 1
119 163 1
119 170 1
119 171 1
119 176 1
119 185 1
119 188 1
119 189 1
119 199 1
119 200 1
119 203 1
119 208 1
119 217 1
119 229 1
119 239 1
119 248 1
119 252 1
119 261 1
119 269 1
119 271 1
119 277 1
119 280 1
119 285 1
119 297 1
119 313 1
119 318 1
119 323 1
119 324 1
119 325 1
119 329 1
119 331 1
119 332 1
119 339 1
119 342 1
120 136 1
120 247 1
120 277 1
121 165 1
121 169 1
121 206 1
121 236 1
121 280 1
121 315 1
122 123 1
122 128 1
122 136 1
122 141 1
122 142 1
122 156 1
122 161 1
122 169 1
122 170 1
122 176 1
122 186 1
122 188 1
122 200 1
122 203 1
122 213 1
122 224 1
122 232 1
122 235 1
122 236 1
122 239 1
122 248 1
122 251 1
122 252 1
122 261 1
122 271 1
122 272 1
122 274 1
122 276 1
122 277 1
122 280 1
122 281 1
122 284 1
122 285 1
122 297 1
122 303 1
122 304 1
122 315 1
122 322 1
122 323 1
122 325 1
122 332 1
122 342 1
122 344 1
122 345 1
123 142 1
123 186 1
123 200 1
123 239 1
123 252 1
123 261 1
123 318 1
123 334 1
123 342 1
124 157 1
124 170 1
125 136 1
125 169 1
126 260 1
126 322 1
127 135 1
127 139 1
127 159 1
127 184 1
127 197 1
127 251 1
127 272 1
127 281 1
127 284 1
127 309 1
127 320 1
127 346 1
128 150 1
128 169 1
128 170 1
128 172 1
128 176 1
128 186 1
128 199 1
128 203 1
128 211 1
128 213 1
128 223 1
128 248 1
128 252 1
128 265 1
128 271 1
128 313 1
128 315 1
128 322 1
128 334 1
129 168 1
129 291 1
129 339 1
129 347 1
130 191 1
130 204 1
130 213 1
130 257 1
130 277 1
130 300 1
130 322 1
130 329 1
130 346 1
131 143 1
131 177 1
131 225 1
131 227 1
131 278 1
132 134 1
132 158 1
132 242 1
132 277 1
132 303 1
132 311 1
132 315 1
132 317 1
132 334 1
133 141 1
133 183 1
133 188 1
133 224 1
133 232 1
133 236 1
133 271 1
133 276 1
133 280 1
133 315 1
133 322 1
134 142 1
134 199 1
134 203 1
134 238 1
134 248 1
134 252 1
134 277 1
134 304 1
134 334 1
135 184 1
135 197 1
135 251 1
135 281 1
135 284 1
135 309 1
135 320 1
136 146 1
136 156 1
136 169 1
136 213 1
136 246 1
136 285 1
136 304 1
136 308 1
136 315 1
136 322 1
136 324 1
136 339 1
136 352 1
137 140 1
137 167 1
137 214 1
137 243 1
137 289 1
137 310 1
137 312 1
137 326 1
137 337 1
139 159 1
139 184 1
139 197 1
139 251 1
139 281 1
139 284 1
139 320 1
140 144 1
140 214 1
140 312 1
140 326 1
141 172 1
141 199 1
141 224 1
141 236 1
141 239 1
141 257 1
141 258 1
141 271 1
141 272 1
141 276 1
141 280 1
141 291 1
141 304 1
141 323 1
142 158 1
142 161 1
142 169 1
142 170 1
142 186 1
142 188 1
142 200 1
142 203 1
142 236 1
142 239 1
142 252 1
142 271 1
142 277 1
142 280 1
142 285 1
142 297 1
142 303 1
142 308 1
142 315 1
142 322 1
142 323 1
142 332 1
142 334 1
142 345 1
143 175 1
143 177 1
143 225 1
143 227 1
143 278 1
143 321 1
144 149 1
144 151 1
144 226 1
144 312 1
144 326 1
144 343 1
145 179 1
146 148 1
146 285 1
146 313 1
146 317 1
146 339 1
147 219 1
147 319 1
148 176 1
148 185 1
148 224 1
148 229 1
148 261 1
148 271 1
148 272 1
148 339 1
149 162 1
149 226 1
149 312 1
149 326 1
149 333 1
149 343 1
150 163 1
150 171 1
150 189 1
150 217 1
150 324 1
150 329 1
151 310 1
151 312 1
152 181 1
152 275 1
152 339 1
153 280 1
154 219 1
155 157 1
156 188 1
156 235 1
156 258 1
156 272 1
156 295 1
158 168 1
158 232 1
158 242 1
158 248 1
158 291 1
158 304 1
158 315 1
158 317 1
158 322 1
158 325 1
158 332 1
158 339 1
159 172 1
159 184 1
159 197 1
159 272 1
159 277 1
159 281 1
159 284 1
159 320 1
159 345 1
160 260 1
161 199 1
161 203 1
161 213 1
161 252 1
161 258 1
161 271 1
161 277 1
161 304 1
161 308 1
161 314 1
161 322 1
161 325 1
161 339 1
162 312 1
162 326 1
162 333 1
162 343 1
163 173 1
163 249 1
164 285 1
165 169 1
165 188 1
165 200 1
165 334 1
165 342 1
166 173 1
166 198 1
166 202 1
167 243 1
167 310 1
167 337 1
168 277 1
168 291 1
168 304 1
168 339 1
168 347 1
169 185 1
169 236 1
169 239 1
169 248 1
169 252 1
169 257 1
169 271 1
169 277 1
169 280 1
169 291 1
169 315 1
169 318 1
169 322 1
169 332 1
169 334 1
170 176 1
170 185 1
170 186 1
170 188 1
170 200 1
170 203 1
170 211 1
170 223 1
170 239 1
170 250 1
170 252 1
170 260 1
170 268 1
170 271 1
170 274 1
170 277 1
170 285 1
170 290 1
170 304 1
170 313 1
170 315 1
170 322 1
170 323 1
170 332 1
170 334 1
170 341 1
170 342 1
171 189 1
171 217 1
171 351 1
171 354 1
171 355 1
171 356 1
171 358 1
171 390 1
171 657 1
171 679 1
171 783 1
171 873 1
171 972 1
172 199 1
172 203 1
172 211 1
172 212 1
172 223 1
172 231 1
172 232 1
172 238 1
172 239 1
172 252 1
172 261 1
172 265 1
172 268 1
172 271 1
172 277 1
172 298 1
172 304 1
172 308 1
172 313 1
172 325 1
172 329 1
172 331 1
172 332 1
172 342 1
173 202 1
173 348 1
173 349 1
173 380 1
174 293 1
175 177 1
175 225 1
175 227 1
175 263 1
175 277 1
175 278 1
175 296 1
175 321 1
176 188 1
176 239 1
176 271 1
176 290 1
177 225 1
177 227 1
177 278 1
178 186 1
178 206 1
178 213 1
178 231 1
178 272 1
178 303 1
178 322 1
178 329 1
178 345 1
180 187 1
180 194 1
180 196 1
180 204 1
180 242 1
180 249 1
180 254 1
180 266 1
180 299 1
180 302 1
180 346 1
181 195 1
181 218 1
181 273 1
181 275 1
181 306 1
181 328 1
182 253 1
184 197 1
184 251 1
184 272 1
184 281 1
184 284 1
184 309 1
184 320 1
184 329 1
184 346 1
185 188 1
185 200 1
185 271 1
185 272 1
185 274 1
185 280 1
185 285 1
185 290 1
185 297 1
185 315 1
185 322 1
185 344 1
186 188 1
186 199 1
186 200 1
186 203 1
186 213 1
186 221 1
186 222 1
186 223 1
186 236 1
186 239 1
186 252 1
186 271 1
186 272 1
186 277 1
186 285 1
186 303 1
186 322 1
186 323 1
186 325 1
186 331 1
186 341 1
186 345 1
187 194 1
187 242 1
187 249 1
187 254 1
187 266 1
187 299 1
187 302 1
187 346 1
188 200 1
188 208 1
188 223 1
188 224 1
188 239 1
188 252 1
188 258 1
188 271 1
188 272 1
188 274 1
188 277 1
188 280 1
188 285 1
188 290 1
188 291 1
188 297 1
188 304 1
188 315 1
188 322 1
188 323 1
188 334 1
188 341 1
188 342 1
189 217 1
190 229 1
192 205 1
193 259 1
194 196 1
194 204 1
194 242 1
194 249 1
194 254 1
194 266 1
194 299 1
194 302 1
194 346 1
