2000 6000
0 1 12
0 164 19
0 141 2
0 645 12
1 2 9
1 660 11
1 1057 19
2 3 15
2 927 18
2 12 5
2 337 6
2 1012 9
2 548 16
2 1069 16
3 4 18
3 719 14
3 1651 8
3 1668 5
3 1721 10
4 5 9
4 1463 11
4 1439 16
4 388 16
4 1701 13
5 6 6
6 7 9
6 1483 13
7 8 6
7 1359 17
7 1806 3
7 15 11
7 151 8
7 841 1
7 213 19
7 233 12
8 9 6
8 1276 19
8 404 17
8 465 12
8 1483 12
8 1235 11
8 363 1
9 10 19
9 1138 8
9 686 4
9 1484 15
9 1753 7
9 118 7
9 786 15
9 302 19
9 666 18
9 834 19
10 11 19
10 560 2
10 1382 3
10 1136 15
10 809 17
10 1872 18
11 12 13
11 884 1
11 585 2
11 39 16
11 265 4
11 169 9
12 13 19
12 1873 5
13 14 19
13 91 13
13 810 18
13 1493 14
13 751 10
13 214 1
13 422 12
13 737 11
14 15 20
14 960 8
14 1646 19
14 18 10
14 1368 1
14 1699 6
15 16 2
15 1061 10
15 737 2
15 610 10
16 17 1
16 1964 9
16 657 10
16 1207 17
16 57 13
17 18 12
17 388 4
17 856 20
17 1851 10
17 1790 10
18 19 3
18 1447 15
19 20 6
19 762 18
19 1822 15
19 1634 16
19 737 4
20 21 4
20 1381 9
20 320 16
20 703 10
20 319 6
20 562 2
20 467 1
21 22 13
21 1533 13
21 1557 12
21 51 18
21 1575 3
21 329 10
21 1335 16
21 843 2
21 1264 2
21 153 17
21 854 2
22 23 20
22 1574 15
22 1893 14
22 992 16
22 735 11
22 362 13
23 24 7
23 901 6
23 381 1
23 1105 3
23 697 11
23 414 14
24 25 7
24 1658 20
24 191 9
24 175 5
24 1811 17
24 1712 14
24 744 15
24 1240 18
25 26 12
25 1910 5
26 27 15
26 1492 3
26 1576 10
26 1220 8
26 1641 14
26 371 16
27 28 13
27 675 5
27 1426 2
27 235 6
28 29 18
28 1086 9
28 1623 13
28 1588 1
28 1980 4
28 340 20
29 30 19
29 1945 14
30 31 5
30 1882 8
30 495 4
30 1120 20
30 1351 12
31 32 5
31 1682 19
31 1431 3
31 1179 20
32 33 12
33 34 2
33 1428 6
33 156 10
33 88 4
34 35 11
34 941 13
34 950 9
34 1943 6
34 1220 1
34 1810 6
34 1843 13
35 36 1
35 1548 8
35 1235 18
35 1580 7
36 37 5
36 495 8
36 1016 18
36 1019 3
37 38 1
37 1906 5
37 1101 6
37 1128 11
37 449 3
38 39 5
38 203 1
38 1895 4
38 612 17
38 775 9
38 1700 15
38 1707 2
38 859 19
38 1812 10
38 1056 2
39 40 18
39 1305 10
39 780 20
40 41 16
40 1789 6
40 1293 1
40 1096 17
40 167 15
40 546 6
41 42 11
41 1448 17
41 1096 12
41 1910 3
41 1604 13
41 1094 12
42 43 15
42 965 3
42 1797 8
42 119 1
42 398 9
42 538 12
42 964 14
42 674 19
43 44 20
43 1436 1
43 982 20
43 247 18
44 45 3
44 1615 19
44 1678 9
44 274 16
44 1619 11
44 1909 11
45 46 2
45 909 6
45 1888 15
45 1143 16
46 47 5
46 1311 6
46 1694 19
46 271 18
46 1509 9
47 48 11
47 154 13
47 320 9
47 582 6
47 1086 8
47 1663 4
47 1553 12
47 1077 2
48 49 4
48 296 2
48 255 10
48 96 3
49 50 9
49 1247 3
49 568 19
49 373 3
49 560 11
50 51 6
50 1192 7
50 739 17
51 52 11
51 1142 1
51 369 20
52 53 5
52 1068 8
52 1046 10
52 646 15
52 1088 15
52 554 10
52 1205 8
52 1624 8
53 54 4
53 539 15
53 501 18
53 1335 17
53 1227 5
53 998 2
53 304 4
53 290 9
53 1951 8
54 55 19
54 118 4
54 634 9
54 1998 3
54 191 3
54 483 11
54 1187 9
55 56 11
55 1555 15
56 57 1
56 1206 18
57 58 5
57 1883 3
57 1052 15
57 282 6
57 1795 17
57 1595 16
57 1633 5
58 59 4
58 903 6
58 1312 10
58 474 20
58 876 1
58 763 11
59 60 9
59 1310 6
59 1340 2
59 585 20
59 1640 10
59 614 1
59 393 11
60 61 7
60 456 7
60 1794 13
60 1196 6
60 131 8
61 62 18
61 759 15
61 993 3
62 63 17
62 1380 10
62 1146 7
62 414 1
62 180 7
62 1756 15
63 64 20
63 490 16
63 141 10
63 1091 9
63 624 3
63 962 14
64 65 8
64 1786 4
64 858 7
64 81 2
64 583 1
65 66 12
65 1713 9
65 667 3
65 1926 15
65 1755 7
65 1075 16
65 1096 4
65 258 12
66 67 17
66 1277 2
66 1398 3
66 1535 8
66 213 17
66 1920 16
66 1251 2
66 1783 13
67 68 8
67 761 20
68 69 4
68 959 20
68 1010 1
69 70 7
69 1669 16
69 691 12
70 71 19
70 823 1
71 72 3
71 1832 2
72 73 16
72 445 15
72 1800 18
72 104 14
72 753 13
73 74 12
73 1815 9
73 1713 10
73 1626 2
74 75 12
74 1531 7
74 1108 6
74 1658 7
75 76 12
75 519 20
75 608 10
75 356 6
75 1796 20
75 1950 19
75 1567 11
76 77 15
76 1792 8
76 1461 12
76 1354 9
76 1104 17
77 78 2
77 86 7
77 1695 1
77 1394 3
77 1785 15
78 79 2
78 1246 12
78 1592 15
78 1198 6
78 312 11
78 1338 12
78 883 5
79 80 19
79 373 19
79 1190 2
79 903 18
79 897 9
80 81 18
80 967 12
80 304 1
80 1082 2
80 415 20
81 82 12
81 1545 5
81 1544 2
81 561 3
81 1465 8
82 83 6
82 113 4
82 744 20
82 1742 3
82 757 6
82 1642 9
82 426 17
83 84 17
83 604 10
83 1612 11
83 1956 18
83 247 14
83 167 8
83 173 20
83 501 3
83 1014 15
83 633 3
84 85 7
84 473 5
84 1030 5
84 485 19
85 86 17
85 1799 13
85 797 14
85 1061 14
86 87 4
86 753 13
87 88 12
87 1937 6
87 502 20
87 1635 2
87 708 10
88 89 12
88 1592 1
88 333 13
88 1844 19
89 90 11
89 1765 2
90 91 14
90 167 19
90 551 5
91 92 19
92 93 5
92 1510 9
92 1011 9
92 974 11
93 94 11
93 197 16
93 1128 5
93 580 12
93 1936 11
93 1953 5
94 95 20
94 1107 4
95 96 10
95 1147 20
96 97 20
96 1640 17
96 1486 13
97 98 16
97 1172 18
98 99 14
98 416 9
98 946 2
98 979 17
98 1488 10
99 100 14
99 115 15
99 1605 15
99 1859 10
99 1023 1
99 1199 20
99 1455 5
100 101 5
100 1308 11
100 854 19
100 1478 1
101 102 15
101 1996 16
101 806 18
101 1964 14
101 529 17
101 228 19
102 103 4
102 900 5
102 1603 20
102 339 11
103 104 10
103 946 5
103 114 12
103 975 2
103 982 1
103 1338 2
103 1350 3
104 105 4
104 1729 14
104 514 9
104 1208 16
105 106 11
105 1429 4
105 1559 6
105 723 20
105 561 4
105 1772 1
106 107 5
106 816 8
106 833 3
106 1157 1
106 539 6
106 536 13
106 736 4
107 108 4
107 137 19
107 1121 20
107 962 11
108 109 3
108 1541 5
108 786 4
108 1950 15
108 1191 16
108 115 12
109 110 18
109 1208 14
109 1258 7
109 1301 12
109 1294 4
110 111 2
110 1237 19
110 1402 9
110 1676 10
111 112 18
111 962 19
111 1643 9
111 1864 16
112 113 3
112 643 7
112 1483 7
112 977 11
112 528 17
112 208 16
113 114 7
113 1689 4
113 1819 17
113 1671 16
113 184 3
113 1850 12
114 115 16
114 969 8
114 1441 2
115 116 9
115 1429 7
115 607 4
115 135 17
115 1457 18
116 117 1
116 961 4
116 1404 2
116 886 19
117 118 13
117 1951 20
117 1136 18
117 1902 15
117 1998 6
118 119 2
118 248 11
118 1370 11
118 1618 10
118 1212 7
119 120 5
119 1441 1
119 937 4
119 853 15
119 1440 1
120 121 8
120 1899 11
120 1522 13
120 301 4
120 939 9
121 122 13
121 1243 13
121 1839 6
121 140 2
121 1789 20
122 123 15
122 824 9
122 457 7
122 1628 15
122 234 9
122 1125 10
122 694 14
123 124 1
123 144 20
123 146 19
124 125 4
124 238 3
124 922 15
124 592 2
124 285 2
125 126 14
125 1886 10
125 1280 16
126 127 2
126 1638 15
126 1297 14
126 1982 8
127 128 2
127 1722 15
127 874 10
127 1505 13
127 394 14
127 660 10
127 408 15
127 1217 8
128 129 15
128 1708 10
128 1810 17
128 261 18
129 130 15
129 1804 7
129 996 3
129 957 6
129 590 6
130 131 19
130 1292 11
130 511 18
130 453 20
130 1787 5
130 458 19
130 624 1
130 822 2
131 132 7
131 1330 4
131 534 4
131 1508 19
131 1036 10
131 624 4
131 701 13
131 387 12
131 1515 6
132 133 19
132 1704 5
133 134 13
133 1776 14
134 135 12
134 1525 10
134 1312 5
134 1817 17
134 1728 15
134 715 9
135 136 10
135 1905 12
135 967 20
136 137 15
136 1413 17
137 138 5
137 1114 9
137 727 17
137 898 20
138 139 20
138 1057 10
138 1504 3
139 140 14
139 966 6
139 473 13
139 589 13
140 141 16
140 428 6
140 1412 9
140 1975 9
141 142 6
141 1553 12
141 1231 4
141 275 10
141 1888 17
141 1130 12
141 658 17
141 1419 20
142 143 4
142 1081 10
142 917 4
142 1694 11
143 144 14
143 303 19
143 1479 17
143 1743 4
143 1426 2
144 145 18
144 1793 3
144 912 18
144 1192 4
144 574 14
145 146 20
145 1699 15
145 1819 20
145 891 15
146 147 2
146 348 5
146 544 16
147 148 12
147 796 17
147 238 13
147 1174 10
147 609 1
148 149 7
148 160 11
148 175 19
149 150 10
149 1878 17
149 584 12
149 688 8
149 1855 15
149 557 6
149 1623 20
150 151 4
150 199 7
150 1593 4
150 1271 6
151 152 10
151 640 12
151 736 7
151 1177 3
151 1310 19
151 1549 17
152 153 8
152 1977 8
152 186 12
152 1637 2
152 1562 3
152 1719 1
152 1501 10
153 154 13
153 860 2
153 1309 14
154 155 5
154 839 19
154 407 1
154 202 2
155 156 12
155 1026 17
155 474 3
156 157 14
156 1260 15
156 855 4
156 1961 15
156 1753 15
157 158 11
157 1611 17
157 333 5
158 159 2
158 1092 1
159 160 4
159 878 9
159 1870 5
159 422 11
159 619 10
160 161 8
160 1865 14
160 1468 3
160 1389 11
160 1922 12
160 1746 20
161 162 4
161 529 10
161 279 2
162 163 4
162 1554 13
162 719 15
162 1220 12
162 1149 4
162 1036 6
162 1496 18
163 164 11
163 1736 6
164 165 13
164 1085 9
164 1744 20
164 330 19
165 166 8
165 1428 4
165 399 5
166 167 12
166 1224 14
166 967 11
167 168 20
167 1595 14
167 1176 14
167 1395 8
167 1020 18
168 169 12
168 307 17
168 315 14
168 1968 6
168 1710 9
168 587 10
169 170 18
169 1110 5
169 1566 15
169 1700 18
169 575 14
170 171 12
170 753 9
171 172 4
171 1157 6
171 1050 16
172 173 12
172 1293 13
172 337 3
172 1639 15
172 670 13
172 472 14
172 914 1
172 1531 15
172 782 11
173 174 12
173 261 17
173 1778 11
173 1212 10
173 729 18
174 175 14
174 718 7
174 1562 20
174 1953 15
174 1226 11
175 176 6
175 1724 11
175 1679 4
176 177 16
176 1510 8
177 178 16
177 1301 11
177 854 17
177 1287 20
178 179 15
178 1253 15
178 1510 10
178 844 16
178 904 8
178 589 19
179 180 10
179 622 16
179 1500 10
179 1927 18
179 302 16
179 1788 1
179 425 2
179 552 7
180 181 18
180 982 14
180 1371 8
180 849 3
180 1521 15
180 1026 2
181 182 5
181 1041 20
181 1679 10
181 266 4
182 183 11
182 1994 8
182 1821 16
182 1537 5
182 1834 4
182 728 12
182 958 18
182 1261 14
182 952 18
183 184 13
183 242 15
184 185 18
184 1561 8
184 1756 14
184 513 14
184 240 12
185 186 19
185 1162 15
185 678 17
186 187 1
186 1338 4
186 997 5
186 1297 18
186 672 17
186 1636 16
187 188 20
187 748 10
188 189 6
188 1374 18
188 207 7
188 586 16
188 1377 7
188 1124 20
188 480 5
188 1620 6
189 190 3
189 794 17
189 610 19
189 638 7
189 1126 3
189 1307 14
189 1272 15
189 1346 19
189 819 11
190 191 8
190 737 7
190 247 1
191 192 4
191 733 13
191 582 9
191 1071 16
191 1449 8
191 1586 17
192 193 10
192 484 7
192 1652 1
192 541 18
193 194 19
193 1108 11
193 200 10
193 1857 12
194 195 14
194 1146 7
194 977 12
194 1946 4
194 1369 18
194 478 15
194 1114 1
194 1417 20
195 196 20
195 629 9
195 1386 3
195 447 10
195 1352 9
195 1779 15
196 197 14
196 1121 5
196 1362 16
196 370 1
196 1070 9
196 1669 10
197 198 15
197 1914 4
197 1552 17
197 682 19
198 199 5
198 1539 2
198 992 11
198 1395 9
198 1431 9
198 1139 1
198 1282 18
199 200 20
199 928 9
200 201 2
200 565 19
200 1028 14
200 321 16
201 202 13
201 902 17
202 203 8
202 693 14
202 1850 20
203 204 12
203 398 11
203 655 7
203 554 14
203 1241 17
204 205 7
204 624 6
204 1048 6
204 849 13
204 1519 12
205 206 16
205 758 15
205 1750 18
205 1861 17
205 1356 7
206 207 15
206 1669 2
206 1456 16
206 965 3
206 558 10
206 305 1
206 1152 14
206 529 9
206 1364 20
206 1335 19
207 208 5
207 279 7
207 1457 9
207 898 3
207 1600 4
207 1926 9
207 903 8
207 844 20
208 209 9
208 1036 10
208 612 18
208 234 4
209 210 18
209 748 5
209 282 9
209 1724 16
209 239 11
210 211 6
210 1541 5
210 587 6
210 667 16
210 1600 10
211 212 8
211 1434 19
211 1889 10
211 630 2
211 818 1
211 982 12
212 213 19
212 1946 10
212 390 10
212 1857 14
212 1948 5
213 214 3
213 1227 20
213 1193 17
213 775 5
214 215 9
214 424 5
214 1384 18
214 1351 7
214 265 14
215 216 5
215 537 1
216 217 1
216 914 8
216 1754 4
216 1637 7
217 218 8
217 1217 8
217 616 12
217 1706 2
217 1141 18
218 219 14
218 1164 17
218 1925 19
218 927 15
218 1802 7
218 545 8
219 220 13
219 1331 13
219 861 20
219 877 3
219 1975 1
219 710 14
220 221 4
220 968 1
220 707 10
220 583 16
221 222 11
222 223 12
222 1681 1
222 1863 12
222 1033 3
223 224 3
223 1906 5
223 837 2
223 1294 10
224 225 17
224 1837 6
224 1488 15
224 1965 10
225 226 11
225 1026 5
225 1012 15
225 833 15
226 227 7
226 453 3
226 1098 20
227 228 14
227 714 3
227 890 6
227 1425 18
227 305 10
227 1532 18
227 866 4
227 808 13
227 591 7
227 1323 19
228 229 7
228 1819 3
229 230 15
229 294 12
229 757 19
229 1997 20
229 358 18
229 1327 12
230 231 20
230 416 19
230 1874 1
230 1258 3
230 354 19
230 730 7
230 1095 8
231 232 14
231 474 18
231 1764 7
232 233 8
232 599 20
232 705 14
232 1456 20
232 1505 17
233 234 14
233 801 5
233 1107 14
233 1623 10
233 1127 15
233 454 1
234 235 5
234 383 3
234 1541 8
234 1608 15
234 1424 8
235 236 11
235 1042 11
235 478 16
236 237 19
236 803 18
236 1201 18
236 421 17
237 238 15
237 1139 19
237 1578 19
238 239 12
238 1848 10
238 884 1
238 1313 7
239 240 10
239 652 9
239 536 20
239 1908 7
240 241 9
240 1904 9
240 604 18
240 626 8
240 1470 17
240 1823 15
240 1880 2
240 396 3
241 242 16
241 483 17
241 1494 20
241 1927 5
242 243 15
242 378 17
242 822 14
242 1807 3
242 880 12
243 244 9
243 711 14
243 1743 19
243 1623 3
243 368 13
243 1060 10
244 245 19
244 1049 3
244 1214 18
244 1301 15
244 1151 1
245 246 4
245 1073 20
245 629 16
245 725 7
245 1104 14
245 1973 13
245 782 11
246 247 15
246 799 2
247 248 16
247 1184 20
247 1424 7
247 1303 9
248 249 4
248 1669 7
248 963 3
248 436 4
248 1223 9
248 1253 7
248 355 7
248 973 9
249 250 6
249 1049 13
249 1625 14
249 744 8
249 893 5
250 251 17
250 480 14
250 1835 14
250 1463 4
250 1197 11
251 252 3
251 1999 7
252 253 8
252 648 4
253 254 14
253 907 14
253 688 4
254 255 11
254 841 15
254 887 13
254 1387 19
254 638 18
254 1270 13
255 256 5
255 319 8
255 1023 3
255 1910 2
256 257 1
256 1611 4
256 1170 3
257 258 7
257 468 20
257 1211 18
257 1893 4
258 259 8
258 1676 4
258 744 2
258 658 8
258 1342 6
258 747 9
259 260 10
259 1487 1
259 1821 10
259 363 9
259 560 6
260 261 13
260 1604 10
260 1810 9
261 262 12
261 1971 7
261 860 18
261 999 17
261 775 17
261 422 4
262 263 8
262 677 15
262 1461 15
262 298 2
262 1215 13
263 264 17
263 1876 3
263 739 11
263 1241 12
263 1776 15
263 1326 16
263 1887 8
264 265 2
264 608 16
264 536 4
264 1164 12
264 269 2
264 1974 13
264 1434 11
265 266 9
265 1255 16
265 360 4
265 972 11
265 1856 17
266 267 17
266 1071 9
266 1110 5
266 870 6
267 268 1
268 269 3
268 1841 1
268 1714 8
269 270 10
269 1363 7
269 1036 5
269 1898 10
269 1468 18
270 271 17
270 1337 6
270 881 3
271 272 20
271 874 18
271 1147 1
271 1611 9
271 1312 19
272 273 11
272 555 9
273 274 16
273 965 1
273 1705 14
273 1421 18
274 275 18
274 1153 4
275 276 13
275 1519 19
275 372 4
276 277 11
276 1384 10
276 387 13
277 278 17
277 1559 6
277 862 6
277 1928 7
277 543 1
278 279 9
279 280 13
279 796 3
279 621 4
279 1521 3
280 281 16
280 1662 9
280 1655 7
280 427 12
281 282 13
281 485 19
282 283 7
282 1611 11
283 284 3
283 1877 20
284 285 8
284 1319 16
284 351 9
284 414 15
284 1809 9
285 286 19
285 1471 11
285 928 9
285 1181 3
285 1098 1
286 287 7
286 528 13
286 878 6
287 288 13
287 517 12
288 289 1
288 545 15
288 1506 12
289 290 10
289 356 15
289 1686 6
290 291 5
290 353 3
290 1579 17
290 327 6
291 292 8
291 1255 20
291 409 20
291 1312 3
291 1836 2
291 1182 6
292 293 15
292 1388 5
292 1690 13
292 1965 19
292 1492 9
293 294 4
293 670 16
293 303 13
294 295 15
294 1808 12
294 1081 7
295 296 3
295 1708 6
295 1224 13
295 1148 12
295 883 8
295 361 13
296 297 7
296 1654 7
296 567 12
296 1293 12
297 298 9
297 1607 11
297 1973 4
297 1418 7
298 299 10
298 466 7
298 776 1
298 1826 3
298 1007 14
298 1513 1
298 861 6
298 1362 18
298 381 8
299 300 16
299 346 16
299 1678 17
299 1755 7
300 301 14
300 339 6
300 1032 14
300 783 11
300 511 8
301 302 1
301 454 2
301 854 18
301 718 13
302 303 10
302 1741 14
303 304 17
303 1721 14
304 305 1
304 374 18
304 1747 14
304 827 10
304 1814 11
304 1122 12
305 306 2
305 1399 7
306 307 10
306 1473 17
307 308 19
307 1100 3
308 309 18
308 1253 10
308 717 13
309 310 12
309 1835 17
309 1722 6
309 1690 17
309 323 19
309 454 15
310 311 16
310 729 17
311 312 4
311 1399 3
311 708 14
311 729 20
311 1467 8
311 1373 10
312 313 6
312 1919 10
312 1634 16
313 314 9
313 1540 10
314 315 4
314 910 10
314 840 2
314 1699 13
315 316 5
315 1951 3
315 504 10
315 652 19
316 317 7
316 849 5
316 1643 12
316 402 16
316 1979 7
317 318 18
317 841 1
317 1308 14
317 412 17
317 1828 11
317 1680 3
317 629 10
317 606 11
317 1902 14
318 319 4
318 1660 11
318 1986 9
318 1384 1
318 1448 2
318 1107 11
319 320 1
319 1540 6
319 635 16
319 1025 15
319 1713 16
320 321 7
320 643 2
321 322 8
321 1592 14
321 1301 16
321 1302 19
322 323 6
322 1740 20
322 1186 8
322 1868 11
322 1282 7
322 914 19
322 1925 16
322 1595 13
323 324 18
323 325 19
323 465 14
323 1833 1
323 328 5
323 620 7
324 325 11
324 1193 3
324 1933 18
324 1427 9
324 1100 15
324 1244 15
324 1164 11
324 1633 3
325 326 8
325 1578 18
325 393 12
325 619 13
326 327 15
326 427 19
327 328 15
327 1162 14
327 1297 1
328 329 5
328 1850 11
328 989 1
328 541 17
328 1309 5
329 330 18
329 1356 7
329 485 15
330 331 9
330 534 12
330 1492 6
330 484 6
330 1588 11
330 432 1
331 332 5
331 1662 6
331 404 9
331 1911 16
332 333 7
332 1989 14
332 386 9
332 860 8
333 334 13
333 386 15
333 1770 11
333 1209 1
334 335 20
334 805 10
334 1170 18
334 453 2
334 1686 3
335 336 14
335 1385 19
335 1210 8
335 633 5
335 1100 16
335 1965 10
336 337 7
336 1139 14
336 1911 5
337 338 19
337 1045 11
337 592 3
337 1724 15
337 1443 15
337 1926 5
337 1590 2
338 339 2
338 467 10
338 390 16
338 1597 15
339 340 11
339 1162 17
339 625 15
340 341 16
340 1988 19
340 1275 14
340 1422 9
340 1865 5
341 342 13
341 959 14
341 1111 19
341 917 15
342 343 8
342 732 16
342 1941 19
343 344 11
343 752 17
343 1401 13
344 345 4
344 1744 3
344 935 6
344 771 12
344 1311 20
345 346 20
345 864 14
346 347 19
346 1929 1
347 348 13
347 1053 11
347 1070 10
348 349 19
348 1281 2
349 350 17
349 679 1
349 1889 15
349 1803 2
349 1030 20
349 1373 20
349 1087 3
350 351 20
350 489 4
350 1473 3
351 352 13
351 1312 17
351 919 16
352 353 11
352 1931 5
353 354 7
353 1080 19
353 1179 17
353 1667 4
353 1764 7
353 1211 9
354 355 2
354 1648 14
354 613 19
354 1310 2
354 564 2
354 1440 6
354 1736 18
355 356 15
355 1491 7
355 700 20
355 1361 8
356 357 15
356 1587 11
356 1534 11
356 1131 12
357 358 19
357 1426 19
358 359 14
358 1728 1
358 1246 18
358 538 19
358 1305 8
359 360 1
359 1640 16
359 1983 10
359 1513 20
360 361 14
360 950 2
360 704 17
361 362 17
362 363 4
362 940 20
362 1743 6
363 364 16
363 581 17
363 1216 8
363 1264 7
364 365 2
364 1173 17
364 1516 1
364 383 13
364 1114 8
364 459 1
365 366 11
365 771 16
365 1220 2
366 367 12
366 1835 19
366 1641 5
367 368 3
367 903 13
367 845 16
367 633 17
368 369 17
368 1524 2
369 370 15
369 1882 2
370 371 3
370 428 10
370 1825 2
370 1397 18
370 589 18
371 372 17
371 523 18
371 1185 17
371 1031 10
371 376 13
371 424 14
372 373 5
372 811 2
372 1022 10
372 447 10
372 1746 11
372 1252 12
372 593 16
372 853 17
373 374 1
373 580 2
373 732 4
374 375 4
374 1168 10
374 1820 10
374 708 9
374 1148 10
375 376 1
375 749 11
375 1928 3
376 377 5
376 447 14
376 746 6
376 1885 18
377 378 4
377 1303 10
377 1800 9
377 1023 10
377 1861 10
378 379 10
378 1220 15
378 541 12
378 1447 11
378 1305 6
378 1047 19
379 380 12
379 1884 16
379 1179 13
379 1534 8
380 381 10
380 406 16
380 786 16
381 382 12
381 1072 6
381 1258 10
381 1505 4
381 394 4
381 921 13
382 383 4
382 397 5
382 498 16
382 1066 13
382 852 5
382 1570 20
382 1382 19
383 384 6
383 587 17
383 1345 13
383 1481 15
383 1598 8
383 868 9
383 1063 18
384 385 6
384 1120 2
385 386 7
385 1587 7
385 1741 1
385 1450 8
385 1006 1
385 1392 14
386 387 7
386 1234 16
386 729 4
386 808 13
386 1304 4
387 388 1
387 1542 5
387 968 3
387 1549 16
388 389 10
388 1158 14
388 885 14
388 765 5
389 390 11
389 1242 3
389 760 14
389 1354 9
390 391 2
390 1170 17
390 728 5
390 645 8
391 392 12
391 1741 14
391 1327 3
391 424 1
391 503 10
391 1579 13
391 1039 19
392 393 20
392 732 7
392 1096 20
393 394 15
394 395 9
394 1120 11
394 693 12
394 1197 8
394 1527 11
395 396 18
395 1173 16
395 432 13
395 860 5
395 1726 11
395 1104 6
395 1194 1
396 397 14
396 1377 10
396 1210 6
396 1163 3
397 398 10
397 985 8
398 399 10
398 1807 17
398 441 19
399 400 2
399 1039 15
399 1582 10
399 539 1
400 401 9
400 1559 4
400 1473 14
401 402 8
401 913 17
401 927 15
401 1939 13
402 403 1
403 404 17
403 481 20
403 596 18
403 1402 11
404 405 7
404 1172 17
404 1737 8
404 982 1
404 1052 5
404 1739 18
404 1535 7
405 406 9
405 674 10
405 1494 3
405 771 20
405 1883 3
405 612 17
405 1005 5
405 1073 16
405 1518 11
405 902 9
406 407 11
406 1314 1
406 851 19
407 408 12
407 1085 15
407 1654 15
407 1529 6
407 1642 19
408 409 12
408 1708 11
408 915 13
409 410 19
409 1124 11
409 1759 19
409 1579 7
410 411 1
410 1409 3
410 602 5
410 786 16
410 1304 7
411 412 9
411 1730 19
411 1139 7
411 452 3
411 938 14
411 1058 11
412 413 17
412 1371 10
412 656 17
412 1240 16
412 1667 5
413 414 4
413 1894 15
413 591 15
413 1648 16
414 415 10
414 1519 18
414 1263 7
414 792 11
414 652 6
414 1274 19
414 1315 8
414 1146 9
415 416 18
415 1627 11
416 417 17
416 475 13
416 939 19
417 418 10
417 1437 8
417 1665 13
417 659 11
417 926 16
418 419 11
418 1290 1
418 1314 20
418 714 18
418 725 12
419 420 19
419 1179 6
420 421 2
420 1166 1
420 1836 6
420 664 16
421 422 10
421 1967 10
421 1937 15
422 423 12
422 524 15
422 1610 15
422 1359 13
422 1017 17
422 1494 10
422 923 7
422 769 17
423 424 7
423 1338 9
423 865 19
424 425 4
424 460 7
424 1528 19
424 1872 9
425 426 10
425 1223 6
425 816 16
425 1942 15
426 427 14
427 428 8
428 429 6
428 534 9
428 1494 12
428 968 12
428 1523 14
428 1828 19
428 575 6
429 430 19
429 1158 15
430 431 14
430 1472 15
431 432 7
431 1172 16
431 1928 4
432 433 14
432 903 19
432 1936 19
432 545 4
433 434 20
433 1081 14
433 773 10
434 435 19
434 929 15
434 454 1
434 633 20
434 1166 19
435 436 8
435 649 8
435 614 16
435 1823 12
436 437 17
436 1238 5
436 956 4
436 1095 16
437 438 8
437 1826 2
438 439 7
438 451 3
438 1939 7
438 1533 4
438 901 19
438 944 15
438 685 14
438 692 8
439 440 19
439 1151 5
439 747 5
440 441 4
440 1191 9
440 1399 18
441 442 14
441 1202 7
441 1778 18
441 1857 9
442 443 9
442 1281 9
442 527 17
442 514 20
442 448 9
442 883 20
442 1866 19
442 510 1
443 444 10
443 1540 19
443 1833 9
443 800 15
443 1772 19
443 1904 18
444 445 15
444 658 7
444 1044 10
444 1060 7
445 446 13
445 1121 6
445 1131 6
445 1261 10
446 447 6
446 931 17
447 448 1
447 1266 9
447 1173 6
448 449 9
448 926 13
448 964 15
448 779 8
448 663 15
449 450 12
449 802 13
449 1235 18
450 451 19
450 530 5
451 452 9
451 1679 16
451 1182 13
451 1073 10
451 1478 14
451 1270 11
452 453 19
452 709 16
453 454 14
453 891 17
453 933 1
453 1123 19
454 455 9
454 1813 20
454 844 8
454 457 12
455 456 5
455 1422 1
456 457 7
456 793 4
456 1685 3
456 747 16
456 615 19
457 458 2
457 1292 2
457 1981 8
458 459 2
458 716 9
458 1792 1
459 460 11
459 720 18
460 461 8
460 731 16
460 470 12
460 875 12
460 1550 19
461 462 2
462 463 7
462 1711 9
463 464 18
463 1862 3
463 1367 13
463 923 8
464 465 11
465 466 15
465 1912 1
465 549 16
465 556 18
465 1781 4
466 467 7
466 1793 11
466 1631 4
466 890 2
466 860 13
467 468 10
467 646 10
467 772 1
467 1210 6
467 1100 4
467 1347 2
467 1952 15
468 469 3
468 1007 1
469 470 15
470 471 17
470 478 4
471 472 3
471 1306 11
472 473 14
472 988 4
472 1525 15
472 739 16
473 474 6
473 1849 19
473 878 11
473 1072 17
473 1030 5
474 475 8
474 1208 13
474 1781 12
474 1119 7
475 476 17
475 1289 14
475 1573 12
475 1552 7
475 810 18
475 1164 12
476 477 16
476 1605 15
476 1336 9
476 847 18
476 1450 2
476 1947 17
477 478 6
477 1110 14
477 1990 12
477 1106 2
477 1039 15
477 1352 4
477 480 17
478 479 20
478 1059 19
478 1926 15
478 802 6
478 1860 1
479 480 5
479 1742 1
479 1708 13
479 749 1
479 1964 11
479 1750 19
479 811 3
479 1077 5
480 481 20
480 631 3
480 1883 11
480 1930 11
481 482 9
481 1926 9
481 546 6
482 483 16
482 700 11
483 484 17
483 1964 19
483 1818 12
483 1496 17
483 1875 13
484 485 15
484 802 3
484 521 18
484 1482 1
484 1676 11
485 486 7
485 1701 9
485 860 6
485 1050 19
485 510 6
485 1852 12
485 529 20
485 1468 8
486 487 1
486 1701 11
487 488 17
487 1273 12
487 1050 2
488 489 12
488 852 2
489 490 8
489 1459 19
489 1604 18
490 491 20
490 909 12
490 834 14
490 710 13
491 492 7
491 1270 3
491 1507 20
491 1139 2
491 1668 9
491 689 20
492 493 18
492 1122 16
492 1561 5
492 669 7
492 1504 13
493 494 9
493 691 20
493 1428 11
494 495 16
494 1487 5
494 1456 15
494 1418 19
495 496 4
495 1538 1
495 594 17
495 1592 20
496 497 10
496 1070 9
496 1104 11
496 1549 6
496 1748 4
497 498 12
497 1318 11
497 1854 6
497 1957 13
498 499 14
498 778 1
498 883 14
499 500 15
499 1851 1
499 914 20
499 1755 13
500 501 2
500 1081 11
500 1905 14
501 502 19
501 885 8
501 1832 16
501 901 19
501 1413 2
502 503 11
502 809 4
502 1662 20
502 1074 10
502 1345 6
503 504 8
503 1002 8
504 505 7
504 1382 15
504 741 3
504 607 13
504 1120 11
504 837 2
504 1967 15
504 1171 4
504 678 3
505 506 20
506 507 11
506 1355 13
507 508 13
507 979 1
507 1261 19
507 1799 17
507 513 12
507 1779 6
507 1749 19
508 509 11
508 1759 8
508 1768 11
508 541 15
508 672 3
508 714 2
509 510 19
509 1244 6
509 1583 9
509 1645 12
509 1923 11
509 657 10
509 894 12
509 1122 8
510 511 17
510 1988 6
510 1021 1
511 512 4
511 1813 13
512 513 3
512 1201 13
512 631 9
512 1267 6
513 514 2
513 780 1
513 1901 16
513 1456 19
514 515 1
514 641 12
514 1811 13
514 833 5
514 653 6
514 1914 1
514 597 18
515 516 19
515 729 4
515 938 7
515 1605 1
516 517 13
516 1736 5
516 1613 1
517 518 6
517 743 11
517 1119 4
517 1746 5
518 519 7
518 1983 11
518 1173 12
518 1308 7
519 520 2
519 743 7
519 1934 6
520 521 15
520 1486 12
521 522 11
522 523 17
522 874 8
522 694 2
522 1453 14
522 1512 12
522 975 6
523 524 20
523 1324 11
523 1188 9
523 930 17
523 1085 13
523 1549 12
524 525 11
524 1780 9
524 1994 13
525 526 8
525 1077 12
525 1766 7
525 1336 2
526 527 8
526 917 9
526 1081 8
526 1562 12
527 528 10
527 1388 4
527 757 10
527 758 9
528 529 15
528 1446 15
528 1747 18
529 530 20
529 1054 9
529 949 5
530 531 12
530 1951 12
530 1847 8
531 532 18
531 926 14
532 533 12
532 1134 3
532 1894 5
532 713 11
532 979 10
533 534 12
533 836 7
533 1008 10
533 1363 10
533 564 6
534 535 5
534 658 6
534 656 10
534 1854 13
534 1403 12
534 1542 20
534 1545 14
534 1835 20
535 536 5
535 1698 15
535 1227 14
535 773 18
535 576 16
536 537 10
536 1916 8
536 1719 20
536 716 16
537 538 2
537 858 1
537 1059 12
537 1499 1
537 992 1
538 539 18
538 1592 2
538 621 11
539 540 17
539 1717 14
539 588 15
539 1357 13
539 1273 9
540 541 10
540 918 7
540 1431 14
540 1239 3
540 1983 11
540 701 13
541 542 18
541 1514 6
541 1583 16
541 1741 7
541 808 17
542 543 4
542 1922 8
542 1981 13
542 1597 7
543 544 8
543 604 20
543 1000 16
543 1033 3
544 545 18
544 1754 7
544 1359 9
544 1896 4
544 1941 13
545 546 11
545 1434 1
545 1522 19
545 613 1
546 547 12
546 1583 13
546 884 12
546 1674 8
546 603 15
547 548 10
547 824 4
547 1784 11
547 1241 7
548 549 6
548 1764 14
548 763 5
549 550 19
549 615 14
549 603 8
549 625 9
549 1614 6
550 551 8
550 995 13
550 715 11
551 552 3
551 1876 2
552 553 1
552 914 11
553 554 4
553 1641 12
554 555 1
554 1176 20
554 1774 2
554 1532 20
554 1938 11
555 556 11
555 861 7
555 1057 3
555 1007 13
555 763 20
556 557 10
556 842 5
556 719 2
556 982 19
557 558 11
557 869 1
557 708 20
557 923 4
557 1783 2
558 559 11
558 1374 4
558 1257 8
559 560 1
559 1205 12
559 746 7
559 1567 7
559 1468 6
560 561 1
560 1915 7
561 562 16
561 575 6
561 1154 1
561 1185 20
562 563 18
562 1256 2
562 1723 2
563 564 13
563 661 2
563 1858 3
564 565 5
564 1679 6
565 566 6
565 808 17
565 1171 18
565 729 2
565 1141 16
566 567 3
566 1022 9
566 1037 11
566 1288 1
567 568 17
567 1845 8
567 785 9
568 569 20
568 966 6
568 1776 1
568 629 5
569 570 4
569 1290 13
569 727 8
569 577 1
569 682 13
569 1130 16
569 1723 12
570 571 15
570 1413 17
570 951 17
570 1023 11
570 1078 10
571 572 5
571 1712 10
571 660 17
571 1265 17
571 814 1
572 573 6
572 1681 10
572 1733 3
572 847 3
572 1544 3
572 1665 17
573 574 5
573 1532 13
573 1559 19
573 1383 17
573 1107 8
574 575 7
574 1337 17
574 813 8
574 691 3
574 1510 4
574 1793 4
575 576 16
575 1212 19
575 829 7
575 897 11
575 1757 3
575 1816 15
575 1193 20
575 1904 13
575 1314 3
576 577 10
576 907 1
576 1083 14
576 1240 15
576 983 18
576 1551 20
576 1058 15
577 578 4
577 1486 7
577 972 13
577 1739 2
577 1853 13
577 1932 3
578 579 14
578 1237 16
578 1709 1
578 901 14
578 782 17
578 609 11
578 1289 4
579 580 20
579 896 7
580 581 7
580 1334 17
580 1095 17
580 706 6
581 582 18
581 892 18
581 1796 7
581 1847 10
582 583 2
582 1067 15
583 584 4
583 1790 10
583 609 12
584 585 1
584 1421 19
585 586 3
585 1646 8
585 1179 3
585 624 10
585 1104 19
586 587 6
586 666 3
587 588 14
587 1320 8
588 589 6
588 1217 10
588 1047 7
589 590 2
589 767 8
589 1657 20
589 1093 7
590 591 10
590 631 5
591 592 5
591 1705 13
592 593 19
592 1083 8
592 1696 15
592 1354 12
593 594 9
593 620 16
593 982 1
593 854 4
593 1175 6
593 663 9
593 953 12
593 1299 13
594 595 7
594 910 19
594 1992 20
594 805 8
594 680 15
594 1923 14
594 665 8
595 596 7
595 1251 16
595 1683 13
595 1041 12
596 597 16
596 1997 17
597 598 13
597 1600 8
597 986 16
597 856 11
597 652 13
598 599 17
598 1472 7
599 600 16
599 814 10
599 1644 8
599 929 6
599 1961 7
599 643 14
600 601 8
600 1230 17
600 1003 3
601 602 20
601 1385 3
602 603 3
602 1559 5
602 1286 16
602 671 1
603 604 12
603 1731 15
603 1422 10
604 605 10
604 1272 16
605 606 10
605 760 6
605 1676 11
605 1494 15
606 607 9
606 874 10
606 1749 7
606 1873 18
606 1237 6
606 1594 2
606 1307 7
606 1785 7
606 1414 18
607 608 5
608 609 13
608 1473 14
608 1429 1
608 1822 5
608 990 20
608 1135 19
609 610 20
609 1451 16
610 611 16
610 1817 4
610 662 3
610 1107 18
611 612 7
611 936 7
611 1751 17
612 613 4
612 1591 12
612 1235 17
613 614 13
613 717 2
613 1216 11
613 742 7
613 1659 5
613 704 20
614 615 6
614 1888 20
614 948 18
614 868 19
614 1303 20
614 1956 10
615 616 2
615 1992 15
615 1060 6
615 1415 6
615 1033 18
615 1801 16
615 1469 20
616 617 7
616 753 8
616 919 16
616 641 16
617 618 5
617 1627 14
617 919 7
617 1022 10
618 619 20
619 620 13
619 1635 9
619 1581 14
619 1479 14
620 621 4
620 745 12
621 622 12
621 1360 4
621 1356 6
621 1147 13
621 1292 3
622 623 17
622 1755 10
622 1717 9
622 748 20
622 1174 11
622 1414 15
623 624 10
624 625 17
624 1889 8
624 1958 17
624 1419 15
625 626 17
625 862 1
626 627 2
626 1847 20
626 1998 18
626 1540 12
627 628 1
627 1747 1
627 1755 15
628 629 5
628 1480 4
629 630 19
629 1554 9
629 1735 17
629 1066 4
629 646 1
629 881 1
629 1183 16
630 631 2
630 1883 11
630 1104 19
630 1154 11
631 632 14
631 756 18
631 803 2
631 1887 4
631 635 3
632 633 9
632 1395 7
632 1066 10
632 1052 14
633 634 3
633 1397 20
633 1813 2
634 635 10
635 636 5
635 791 8
635 1459 8
635 1490 5
635 1916 13
635 1052 10
635 1427 13
636 637 13
636 1056 10
636 1667 19
637 638 20
637 1812 9
638 639 8
638 1562 15
638 1926 13
638 1838 3
639 640 9
639 832 8
640 641 7
640 1422 10
640 1571 2
640 1504 7
641 642 15
641 1877 16
641 1695 1
641 850 12
642 643 15
642 890 18
642 1127 19
642 1519 15
642 1256 13
643 644 12
643 1352 11
643 1277 16
644 645 13
645 646 9
645 917 10
646 647 17
647 648 17
647 1098 4
648 649 19
648 1327 19
649 650 14
649 1634 6
649 1524 10
649 1116 4
649 1871 6
650 651 19
650 1480 10
650 1715 12
650 982 5
650 1239 2
650 1959 19
651 652 3
651 1446 1
651 1997 12
651 1936 5
652 653 6
652 900 10
652 1158 1
652 1475 18
652 1523 14
653 654 16
653 1471 16
654 655 17
654 1596 3
654 1724 16
655 656 7
655 1958 7
655 1152 8
655 976 14
655 706 9
655 1536 4
655 1243 14
656 657 3
657 658 20
657 763 3
658 659 16
658 1861 7
658 1235 17
658 1445 7
658 797 1
658 1715 17
658 1007 2
659 660 13
659 1105 4
660 661 7
660 1722 9
661 662 19
661 743 1
662 663 10
662 1530 13
662 685 19
663 664 16
663 1668 15
663 1357 10
663 1335 13
664 665 1
664 1042 17
665 666 12
665 1802 5
665 1042 6
665 1884 3
665 1188 17
665 1299 11
665 799 3
665 1796 8
665 839 20
666 667 6
666 1346 14
666 1430 9
666 1226 8
667 668 18
667 1454 6
667 732 1
667 957 4
667 1412 2
668 669 2
668 1865 11
668 1211 15
668 1215 19
668 1521 6
669 670 11
669 924 18
669 747 5
669 942 18
670 671 13
670 1604 6
670 1164 2
670 869 11
671 672 9
671 1533 13
671 1228 14
671 923 8
672 673 14
672 1430 4
673 674 19
673 837 7
673 940 18
673 1731 5
673 727 14
674 675 13
674 1469 16
674 1882 18
674 1847 17
675 676 14
675 1686 20
675 1717 4
675 1826 11
675 1111 8
676 677 7
676 1665 11
676 1644 20
676 1814 3
677 678 19
678 679 6
678 1585 10
678 1880 10
678 1735 7
679 680 3
679 1845 1
679 1608 14
679 911 17
680 681 1
680 1103 13
680 837 10
680 1058 18
681 682 11
681 1415 9
681 1942 18
681 1164 16
682 683 19
682 1892 7
682 694 15
682 1411 17
683 684 12
683 1407 8
683 1568 9
684 685 7
684 1749 18
685 686 17
685 1598 6
686 687 13
686 1307 4
686 1504 6
686 1099 17
686 1626 15
687 688 7
687 1080 6
687 1921 7
687 1402 13
687 1497 1
688 689 7
689 690 3
690 691 1
690 1575 12
690 799 18
690 1145 6
690 1494 11
690 1876 16
691 692 3
691 1218 12
691 762 20
691 1745 4
691 825 20
692 693 5
692 1402 4
692 1086 3
692 1940 15
692 998 15
693 694 13
693 1184 11
693 1090 6
693 1430 3
693 1211 13
694 695 12
694 1847 16
694 1557 4
694 1097 18
694 1882 14
695 696 3
695 870 3
695 1013 9
695 1270 18
696 697 5
696 1993 8
696 1630 18
697 698 18
697 1651 1
698 699 12
699 700 17
699 757 11
699 1587 3
700 701 2
700 1898 17
701 702 14
701 935 16
701 828 20
702 703 17
702 1127 5
702 1616 8
703 704 9
703 740 15
704 705 6
704 1867 20
704 1885 2
704 1033 3
705 706 19
705 1567 16
705 1585 3
706 707 2
706 1347 3
707 708 6
708 709 10
708 1914 3
708 1317 9
708 1275 16
709 710 17
709 736 13
710 711 4
710 1837 1
710 913 12
710 1518 15
711 712 2
711 1122 6
711 808 2
711 1792 3
712 713 12
712 974 14
712 736 4
713 714 20
713 1520 8
713 826 11
713 1605 7
714 715 20
714 1723 12
714 1706 12
714 844 15
714 865 20
714 1388 3
715 716 13
715 1352 16
715 1514 20
715 1149 19
715 1796 20
716 717 12
716 1891 8
716 1805 11
716 1676 18
717 718 4
717 938 11
717 1915 18
717 1834 11
718 719 4
718 1853 7
719 720 16
719 1514 6
720 721 2
720 1469 20
721 722 10
721 1401 18
721 1793 2
721 1093 3
722 723 10
722 1147 5
722 997 16
722 1268 1
722 732 1
723 724 11
723 1900 3
724 725 20
725 726 13
725 1092 2
725 1321 11
726 727 14
726 965 18
727 728 14
727 1677 3
727 1459 13
727 1911 15
728 729 19
728 1282 11
728 1606 1
729 730 17
729 996 11
729 1551 6
729 1348 14
730 731 7
731 732 13
731 1486 10
731 1090 13
732 733 17
732 1735 5
732 1562 17
732 749 4
733 734 16
733 1004 18
733 1007 20
734 735 4
734 1325 11
734 1200 3
734 838 6
735 736 2
735 1597 5
735 1358 1
736 737 3
736 1305 7
736 1714 15
736 1739 7
736 1526 2
737 738 3
738 739 10
738 760 4
738 1064 17
739 740 18
739 975 9
739 1913 20
740 741 8
740 1345 15
740 1325 2
741 742 8
742 743 16
743 744 17
743 1097 19
744 745 11
744 1936 5
744 1965 16
745 746 3
745 1346 16
745 1814 6
745 1919 18
746 747 15
746 1682 2
746 1124 11
746 1268 2
747 748 1
747 838 8
747 1765 3
747 1028 16
747 883 18
747 1278 15
748 749 1
748 1829 10
749 750 3
749 1218 19
749 1831 5
749 1919 18
750 751 8
750 1829 17
750 998 14
750 932 2
750 1799 1
751 752 17
751 803 3
751 860 20
751 1457 19
752 753 3
752 1383 12
752 1369 1
753 754 11
753 844 4
753 1074 13
753 1507 17
754 755 14
754 1443 15
754 1243 17
754 1240 7
755 756 20
755 956 8
756 757 13
756 1127 1
756 1067 13
756 798 19
756 901 18
756 1033 14
757 758 7
757 1262 2
757 1202 12
757 1396 6
757 1633 18
757 1886 13
758 759 3
758 1995 19
758 1924 17
758 953 5
758 1639 4
758 1362 7
759 760 12
759 809 7
760 761 14
760 1830 8
761 762 17
762 763 6
762 1336 16
762 1910 8
763 764 12
763 1516 20
764 765 9
765 766 6
765 1304 1
765 1847 12
766 767 12
766 1293 11
766 896 7
766 1834 8
767 768 18
767 1124 1
767 1049 14
767 1970 6
767 1522 12
767 1336 1
768 769 2
768 1255 4
769 770 5
769 775 5
769 1494 19
769 1260 2
769 1182 12
769 1572 15
769 1064 19
770 771 7
771 772 13
771 1697 9
771 1428 12
771 1485 16
772 773 16
772 1009 2
772 936 4
772 1533 5
773 774 1
773 1942 18
773 1462 19
774 775 1
774 968 1
775 776 15
775 1320 2
775 972 16
775 1025 20
776 777 7
776 1330 1
776 870 4
776 1401 3
777 778 7
778 779 15
778 1145 8
778 837 8
778 1986 4
779 780 5
779 1402 8
779 1784 5
779 1697 4
779 1709 9
780 781 7
780 897 17
780 1982 13
780 1896 11
780 1015 4
781 782 10
782 783 13
782 1735 6
782 1286 10
782 1922 12
782 958 11
782 1581 20
783 784 9
783 878 8
783 1910 9
783 1483 1
784 785 1
784 1309 7
784 1064 3
785 786 4
785 1112 11
785 1458 15
785 1155 14
785 1369 11
785 1887 6
785 1606 7
786 787 15
786 1401 4
786 1075 6
786 1702 16
786 1579 8
787 788 5
787 1617 20
787 1437 4
788 789 11
788 1288 16
788 825 20
788 1078 15
789 790 5
789 1729 7
789 1570 10
789 1184 13
790 791 15
790 1832 11
791 792 19
791 1464 1
791 1363 3
792 793 13
793 794 12
793 1486 1
793 1810 2
793 798 2
794 795 7
794 1521 3
794 1857 7
794 1989 5
795 796 17
796 797 10
797 798 11
797 1220 6
797 1431 12
797 1306 9
798 799 14
798 1130 16
798 1153 1
799 800 6
799 1343 13
799 1058 15
799 1022 20
800 801 18
800 1498 7
800 1211 17
801 802 8
801 1393 8
801 1324 20
802 803 10
802 1367 16
802 1647 20
803 804 17
803 1115 18
803 1138 5
804 805 10
804 1973 6
804 1164 13
804 1296 12
805 806 1
805 1116 19
806 807 5
806 823 4
806 1195 19
807 808 4
807 1593 4
808 809 7
808 1595 19
809 810 16
809 1930 5
809 1485 8
809 1249 12
809 1755 7
809 1452 2
810 811 16
810 1642 17
810 1827 15
811 812 20
811 1271 8
812 813 2
812 1906 11
813 814 19
813 1707 6
813 1690 17
814 815 2
814 1175 15
814 1106 6
814 1808 4
814 1551 12
815 816 16
815 856 4
815 1151 5
815 1330 10
815 1348 6
816 817 15
816 1615 14
816 1373 11
817 818 9
817 1131 4
817 1549 2
817 1623 9
818 819 7
818 1573 17
818 969 1
819 820 7
819 1416 1
819 1539 15
819 1278 18
820 821 12
820 939 17
820 992 11
820 1637 1
821 822 2
821 1418 4
821 1966 5
821 989 17
821 1414 2
822 823 10
822 1739 2
823 824 20
823 1825 8
823 1210 20
823 1332 7
823 1606 20
823 1501 4
824 825 8
824 1049 11
824 886 14
824 1939 8
824 1162 15
825 826 11
826 827 2
826 1041 2
826 1705 11
826 1015 11
826 1175 8
826 1571 13
826 1019 14
827 828 17
827 991 12
827 1856 5
827 1323 17
827 1087 16
828 829 8
828 1370 10
829 830 7
829 1138 19
829 1363 1
830 831 2
830 1305 7
830 1041 7
831 832 8
832 833 11
832 983 3
832 1394 16
833 834 1
833 1255 15
834 835 13
834 1024 5
834 1116 12
835 836 3
835 1948 12
835 1379 18
835 1269 8
835 1844 17
836 837 3
836 1705 2
837 838 5
837 874 9
838 839 11
838 1473 3
838 1094 14
838 866 5
838 1833 18
839 840 11
839 847 16
839 1504 15
839 1407 10
840 841 4
840 1031 8
841 842 6
841 1854 13
842 843 8
842 1547 11
842 1145 19
842 1790 16
843 844 12
843 1976 10
843 983 19
843 1164 5
844 845 6
844 1863 9
844 1498 2
844 1526 15
845 846 18
845 1849 17
846 847 5
847 848 9
847 1584 3
847 962 4
847 1399 12
848 849 20
848 1462 9
848 1348 12
848 1941 13
849 850 6
849 1551 20
849 1978 7
849 1311 3
849 858 10
850 851 8
850 1585 4
850 1847 19
850 1003 1
851 852 18
851 1588 13
851 1083 18
851 1762 14
852 853 2
852 1281 8
852 1167 13
853 854 17
853 1441 20
853 901 16
853 969 18
854 855 20
855 856 12
855 1121 16
855 1577 9
855 1422 1
856 857 13
856 1340 6
856 1119 15
857 858 10
857 1181 11
857 1822 20
857 1325 19
858 859 14
858 1113 7
858 1506 2
859 860 7
859 1138 7
859 995 5
860 861 6
860 1037 6
861 862 20
862 863 5
862 1800 12
862 1609 11
862 1947 11
863 864 13
863 976 14
863 919 17
863 934 3
863 1588 13
864 865 15
864 1448 4
864 1115 17
864 1609 16
865 866 5
865 1254 16
865 1555 9
865 1155 12
865 1603 18
866 867 9
866 1063 16
866 1553 3
867 868 3
867 1199 5
867 1990 13
868 869 15
868 1907 20
868 1105 9
868 879 1
868 1048 15
869 870 19
869 1117 18
869 1749 17
870 871 15
870 1539 4
870 1857 11
870 1803 5
870 1873 12
871 872 4
871 940 5
871 1917 17
872 873 12
872 1815 9
873 874 3
874 875 18
874 929 10
874 1258 6
875 876 18
875 1635 2
875 1392 4
875 1796 11
876 877 11
876 1843 20
876 1985 6
876 1475 12
877 878 3
877 1465 1
877 1246 5
877 1624 18
878 879 8
878 1331 14
878 1206 2
878 1198 14
879 880 12
879 1540 2
880 881 18
880 1487 20
880 1234 1
880 1751 11
880 1276 7
881 882 10
882 883 11
882 1469 4
883 884 10
883 1012 10
883 1340 6
883 1089 16
883 937 17
884 885 4
884 1285 7
885 886 4
885 1063 17
885 1436 5
886 887 14
886 1157 11
886 1762 9
887 888 17
888 889 19
889 890 13
889 907 14
889 1704 6
890 891 2
890 1718 18
890 1530 11
890 1058 8
890 1232 18
891 892 7
891 1155 3
891 1298 13
891 1552 18
891 1689 13
891 1776 9
892 893 14
893 894 5
893 1001 6
893 1424 10
893 1421 3
894 895 11
894 1376 5
895 896 9
895 1906 1
895 1534 7
895 1274 5
896 897 17
896 1123 4
896 1406 10
896 1771 17
896 1804 9
896 1880 18
897 898 2
897 1534 5
897 1731 11
898 899 15
898 1093 11
898 1459 19
898 1963 12
899 900 14
899 977 12
900 901 9
900 928 4
900 1362 13
901 902 6
901 1968 17
901 1922 4
902 903 15
902 1084 5
903 904 17
903 1156 16
903 1338 10
903 1966 17
903 1991 2
904 905 16
905 906 18
905 1700 1
906 907 16
906 1508 16
906 1015 16
906 1771 15
906 1743 8
907 908 1
907 1146 4
908 909 6
908 1941 6
908 1917 6
908 1147 2
908 1535 9
908 1971 16
908 1723 11
909 910 11
909 1781 5
909 1538 15
909 1588 19
910 911 1
910 1269 16
911 912 1
911 1245 11
911 1584 9
911 1777 8
912 913 19
912 1175 7
912 1566 16
912 1239 14
913 914 13
913 1039 19
913 1036 12
913 1714 18
914 915 16
914 1044 20
914 1951 9
914 1235 8
914 1057 12
915 916 10
915 1361 12
915 1607 8
915 1775 16
915 1057 16
915 958 1
916 917 16
917 918 3
917 969 9
918 919 20
918 1388 18
919 920 1
919 1315 3
919 1177 7
919 1960 14
919 1741 6
919 1243 6
919 1584 7
920 921 1
920 1247 11
920 1311 9
920 986 20
920 1984 16
920 1910 6
921 922 20
922 923 20
922 1384 18
923 924 18
923 1760 8
923 1430 8
923 1341 7
924 925 8
924 1302 18
925 926 18
925 1414 16
925 1446 19
925 1294 12
925 1355 7
926 927 13
927 928 9
927 1596 15
927 1397 8
927 1268 15
927 1280 20
927 1395 13
928 929 3
928 1105 10
928 1278 14
928 1505 13
929 930 3
929 1472 20
929 1488 2
929 1516 10
929 1732 1
930 931 19
930 1756 12
931 932 16
931 1292 15
932 933 11
932 1453 16
932 1032 10
933 934 1
933 1375 3
933 1313 15
933 1006 2
933 1331 9
934 935 6
934 1073 9
934 1042 1
934 1659 12
934 1368 4
934 1858 3
935 936 19
935 1723 19
935 1565 8
936 937 10
936 1807 10
936 1094 4
937 938 4
937 1685 11
937 1684 16
938 939 8
938 1327 14
938 1968 4
938 1477 16
938 1389 10
939 940 9
939 1692 20
940 941 1
940 1744 10
940 1326 16
940 1509 4
940 1480 14
940 1905 16
940 1462 1
941 942 3
941 1327 18
941 1675 19
942 943 6
942 1665 11
942 1249 8
943 944 20
943 1930 17
944 945 14
944 1035 15
944 1066 20
944 1272 10
944 1415 19
944 1803 4
945 946 19
945 1232 7
946 947 9
946 1083 13
946 1905 20
947 948 19
947 1097 7
947 1290 1
947 1260 1
948 949 5
948 1665 13
948 1765 7
948 1783 3
949 950 20
949 1019 6
949 1960 9
949 1140 5
949 1959 10
950 951 6
950 1346 2
951 952 18
951 1378 12
951 1060 2
952 953 3
952 1867 9
952 1342 18
952 1529 6
952 1632 15
952 1489 12
953 954 2
953 1790 16
953 1884 8
953 1384 19
953 1305 5
954 955 16
954 1030 17
955 956 11
955 1307 1
955 1965 8
955 1811 6
956 957 10
957 958 4
957 1317 3
957 1078 19
958 959 17
958 1071 9
958 1074 11
959 960 13
959 1587 15
959 1726 19
960 961 8
960 1253 16
960 1900 17
961 962 2
962 963 11
962 1248 14
963 964 2
963 1211 13
963 1583 11
964 965 16
964 1002 18
964 1256 17
964 1038 4
964 1770 5
965 966 1
965 1694 15
965 1100 20
966 967 9
966 1825 11
967 968 18
967 1004 11
967 1060 19
968 969 9
968 1429 18
968 1294 12
968 1826 16
969 970 19
970 971 6
970 1199 12
971 972 14
971 1848 4
971 1150 10
972 973 19
972 1194 16
973 974 6
973 1098 11
973 1303 13
974 975 3
974 1019 9
975 976 13
975 1590 2
975 1416 4
975 1168 18
975 1966 11
975 1609 9
976 977 11
977 978 12
977 1984 7
977 1881 18
977 1023 18
978 979 11
979 980 5
979 1171 4
979 1193 18
979 1275 7
979 1318 4
980 981 18
981 982 18
981 1234 16
982 983 17
982 1112 2
982 1499 10
983 984 14
983 1258 16
983 1032 12
984 985 3
984 1676 8
984 1639 3
984 1161 17
984 1575 8
984 1674 1
985 986 2
985 1982 16
985 1432 1
985 1874 16
985 1923 14
985 1076 20
985 1450 12
986 987 6
986 1149 18
986 1584 18
986 1364 18
987 988 10
988 989 5
988 1366 16
988 1626 19
988 1943 19
989 990 2
989 1897 7
990 991 18
990 1897 18
991 992 3
992 993 9
992 1575 2
992 1804 2
992 1259 12
992 1782 8
993 994 6
993 1442 8
993 1706 1
994 995 18
994 1062 9
994 1507 14
995 996 12
995 1948 19
995 1557 13
996 997 13
996 1182 9
996 1293 15
996 1080 20
997 998 20
997 1133 16
998 999 2
998 1023 11
998 1427 3
999 1000 6
999 1577 6
999 1943 8
999 1023 5
999 1916 1
999 1724 18
1000 1001 4
1000 1323 10
1000 1328 11
1001 1002 16
1001 1180 20
1001 1298 3
1002 1003 19
1002 1920 11
1003 1004 16
1003 1636 15
1004 1005 11
1005 1006 5
1006 1007 14
1006 1027 1
1006 1509 5
1006 1771 2
1007 1008 10
1007 1168 14
1007 1489 12
1007 1547 18
1008 1009 18
1008 1654 3
1009 1010 3
1010 1011 17
1010 1060 12
1010 1521 20
1010 1459 18
1010 1266 8
1011 1012 3
1012 1013 15
1013 1014 11
1013 1550 3
1014 1015 3
1014 1830 10
1014 1360 2
1014 1022 10
1014 1835 1
1014 1963 11
1015 1016 3
1015 1416 9
1015 1845 19
1015 1212 11
1016 1017 11
1017 1018 2
1018 1019 10
1018 1146 11
1018 1987 3
1019 1020 18
1019 1870 19
1019 1879 19
1020 1021 12
1020 1572 15
1021 1022 7
1022 1023 14
1022 1573 12
1022 1697 11
1023 1024 7
1023 1560 1
1023 1925 8
1024 1025 5
1024 1410 16
1025 1026 4
1025 1540 15
1025 1354 3
1025 1494 2
1025 1935 13
1026 1027 9
1026 1923 3
1026 1316 9
1026 1124 2
1027 1028 16
1027 1851 9
1028 1029 15
1028 1887 4
1029 1030 20
1029 1948 9
1030 1031 12
1030 1064 7
1030 1256 12
1030 1852 6
1031 1032 8
1031 1316 19
1032 1033 2
1032 1478 16
1032 1731 13
1032 1037 4
1032 1710 19
1032 1193 17
1033 1034 16
1033 1231 4
1033 1855 9
1034 1035 3
1034 1196 2
1034 1212 13
1034 1343 7
1034 1274 13
1035 1036 4
1036 1037 9
1036 1222 15
1036 1415 7
1036 1645 2
1037 1038 2
1037 1559 15
1037 1339 6
1038 1039 17
1039 1040 7
1039 1562 5
1039 1477 20
1040 1041 17
1040 1480 8
1041 1042 4
1041 1800 3
1041 1283 11
1042 1043 5
1042 1586 2
1042 1840 7
1043 1044 20
1043 1798 2
1044 1045 10
1044 1853 7
1045 1046 11
1045 1168 7
1046 1047 4
1046 1940 15
1046 1639 9
1046 1928 16
1047 1048 4
1047 1442 3
1047 1719 10
1048 1049 7
1048 1253 4
1049 1050 15
1049 1107 5
1049 1951 15
1050 1051 10
1051 1052 4
1051 1674 10
1051 1186 2
1051 1318 5
1052 1053 2
1052 1121 16
1052 1417 16
1053 1054 15
1053 1275 1
1054 1055 15
1054 1629 8
1054 1223 17
1055 1056 7
1056 1057 14
1056 1676 19
1057 1058 17
1057 1362 17
1057 1731 3
1057 1231 1
1058 1059 2
1058 1999 14
1058 1411 19
1058 1700 1
1058 1177 1
1059 1060 4
1059 1963 15
1059 1829 1
1060 1061 4
1060 1603 3
1060 1078 4
1060 1277 2
1061 1062 6
1061 1523 7
1061 1762 19
1062 1063 20
1062 1599 16
1063 1064 19
1063 1728 2
1063 1282 20
1063 1399 4
1063 1543 9
1064 1065 1
1064 1506 10
1065 1066 15
1065 1796 5
1065 1524 5
1065 1902 10
1066 1067 6
1066 1786 7
1067 1068 8
1067 1531 14
1067 1966 6
1068 1069 14
1068 1199 16
1069 1070 6
1069 1990 19
1070 1071 4
1070 1751 16
1070 1581 15
1071 1072 7
1071 1962 5
1072 1073 5
1072 1903 10
1072 1697 11
1072 1889 13
1072 1308 20
1073 1074 9
1073 1107 6
1073 1279 3
1073 1222 20
1074 1075 18
1074 1553 13
1074 1830 13
1074 1636 16
1074 1975 16
1075 1076 16
1076 1077 14
1076 1572 15
1076 1854 3
1077 1078 20
1077 1687 3
1078 1079 15
1078 1607 19
1078 1226 1
1079 1080 2
1079 1177 9
1079 1764 5
1079 1104 12
1080 1081 13
1080 1576 4
1080 1627 17
1081 1082 15
1081 1671 6
1082 1083 20
1082 1536 20
1083 1084 10
1083 1508 18
1084 1085 3
1084 1367 5
1084 1643 13
1084 1983 8
1085 1086 2
1085 1482 19
1086 1087 20
1086 1461 16
1087 1088 16
1087 1689 8
1087 1380 14
1087 1644 9
1087 1579 14
1088 1089 14
1089 1090 16
1090 1091 18
1090 1619 20
1090 1288 7
1090 1915 18
1091 1092 14
1091 1685 17
1091 1304 10
1092 1093 6
1092 1765 16
1092 1385 1
1093 1094 17
1093 1790 8
1093 1491 18
1093 1981 8
1093 1614 15
1093 1446 9
1094 1095 1
1094 1582 3
1094 1984 18
1095 1096 3
1095 1887 13
1095 1686 17
1095 1975 12
1096 1097 3
1097 1098 11
1097 1410 14
1097 1405 13
1098 1099 5
1098 1213 19
1099 1100 4
1100 1101 12
1100 1352 19
1100 1574 16
1100 1886 6
1101 1102 11
1102 1103 4
1102 1523 13
1102 1818 11
1103 1104 16
1103 1628 11
1103 1695 16
1104 1105 8
1104 1573 1
1104 1579 3
1104 1800 20
1104 1916 12
1105 1106 8
1105 1929 19
1106 1107 2
1107 1108 17
1107 1545 1
1108 1109 11
1108 1288 17
1109 1110 6
1109 1622 20
1110 1111 9
1110 1897 16
1111 1112 2
1111 1686 15
1111 1863 7
1112 1113 12
1113 1114 9
1114 1115 20
1114 1650 1
1114 1481 3
1114 1401 3
1115 1116 17
1115 1269 9
1115 1188 3
1116 1117 15
1117 1118 1
1118 1119 2
1119 1120 8
1119 1337 12
1120 1121 19
1120 1334 8
1121 1122 12
1121 1913 18
1122 1123 9
1122 1147 19
1122 1175 8
1122 1473 20
1123 1124 12
1124 1125 12
1124 1831 10
1125 1126 7
1125 1892 5
1126 1127 14
1126 1662 9
1127 1128 2
1127 1273 2
1127 1814 3
1127 1902 19
1127 1142 14
1128 1129 9
1128 1557 10
1129 1130 5
1129 1584 14
1129 1153 19
1130 1131 7
1131 1132 11
1131 1337 6
1132 1133 10
1132 1646 4
1133 1134 10
1134 1135 17
1134 1238 8
1135 1136 6
1135 1982 17
1135 1980 16
1136 1137 9
1136 1608 17
1137 1138 8
1137 1767 17
1137 1952 17
1138 1139 14
1138 1264 5
1139 1140 16
1139 1593 19
1140 1141 19
1141 1142 8
1141 1232 5
1141 1704 12
1142 1143 15
1143 1144 12
1143 1844 16
1143 1603 14
1144 1145 16
1144 1214 10
1144 1805 6
1144 1495 2
1144 1352 1
1145 1146 14
1145 1203 9
1146 1147 5
1146 1350 7
1146 1458 1
1147 1148 13
1147 1630 10
1147 1519 11
1148 1149 11
1148 1459 7
1148 1701 8
1148 1544 16
1148 1305 7
1149 1150 18
1149 1790 9
1150 1151 19
1150 1593 3
1150 1206 10
1150 1652 13
1150 1246 2
1150 1529 1
1151 1152 15
1152 1153 2
1153 1154 17
1153 1879 12
1153 1173 3
1154 1155 6
1154 1945 3
1155 1156 2
1155 1595 5
1155 1321 7
1155 1893 1
1156 1157 16
1156 1551 7
1156 1248 13
1156 1352 1
1157 1158 19
1157 1635 8
1157 1633 14
1158 1159 19
1158 1800 20
1158 1544 11
1159 1160 14
1159 1196 15
1159 1226 11
1160 1161 6
1160 1589 5
1161 1162 7
1161 1520 15
1162 1163 3
1162 1458 2
1162 1670 4
1162 1367 15
1163 1164 8
1163 1341 6
1163 1185 14
1163 1355 15
1164 1165 17
1164 1923 20
1165 1166 10
1165 1862 17
1165 1449 2
1165 1458 10
1166 1167 1
1166 1477 13
1166 1957 14
1167 1168 2
1168 1169 2
1168 1246 3
1168 1503 13
1169 1170 19
1169 1769 12
1170 1171 5
1170 1597 5
1170 1611 20
1171 1172 14
1172 1173 15
1172 1739 17
1173 1174 11
1173 1406 14
1173 1685 1
1173 1309 18
1174 1175 10
1174 1561 12
1174 1378 4
1175 1176 3
1175 1502 15
1176 1177 9
1176 1504 5
1176 1838 14
1176 1455 18
1176 1322 13
1177 1178 3
1177 1643 18
1178 1179 6
1179 1180 17
1179 1899 13
1179 1498 14
1180 1181 5
1180 1775 16
1180 1224 12
1180 1614 19
1181 1182 18
1182 1183 1
1182 1213 18
1182 1500 12
1183 1184 2
1183 1592 3
1184 1185 16
1184 1820 2
1185 1186 13
1186 1187 12
1186 1277 13
1186 1680 11
1187 1188 18
1187 1332 1
1188 1189 10
1188 1527 6
1189 1190 19
1189 1844 8
1190 1191 9
1190 1327 15
1190 1881 17
1190 1687 9
1190 1828 3
1190 1606 20
1191 1192 18
1191 1597 3
1192 1193 11
1192 1307 16
1193 1194 19
1194 1195 4
1194 1595 18
1194 1717 5
1195 1196 3
1195 1281 5
1196 1197 6
1196 1589 17
1197 1198 5
1197 1371 6
1197 1411 8
1198 1199 14
1199 1200 19
1199 1980 11
1199 1444 5
1199 1652 3
1200 1201 11
1200 1967 6
1201 1202 19
1201 1809 13
1201 1623 9
1201 1601 2
1201 1619 4
1202 1203 10
1202 1236 12
1202 1590 10
1203 1204 14
1203 1220 15
1203 1398 12
1204 1205 19
1204 1482 20
1204 1525 7
1205 1206 9
1206 1207 3
1206 1786 12
1207 1208 6
1208 1209 11
1208 1527 4
1208 1440 7
1208 1970 20
1209 1210 15
1209 1276 8
1209 1481 3
1209 1505 7
1209 1419 19
1209 1592 13
1210 1211 11
1210 1756 11
1211 1212 16
1212 1213 17
1212 1847 4
1212 1373 16
1213 1214 2
1213 1915 12
1213 1469 15
1213 1548 13
1214 1215 8
1214 1279 18
1214 1997 14
1214 1667 20
1214 1448 3
1215 1216 2
1215 1553 4
1215 1309 4
1215 1432 2
1215 1441 12
1216 1217 10
1216 1944 18
1217 1218 7
1217 1879 9
1217 1902 8
1217 1919 14
1218 1219 13
1218 1974 6
1218 1527 10
1219 1220 8
1219 1805 7
1219 1429 20
1220 1221 4
1221 1222 7
1221 1747 15
1221 1425 7
1222 1223 11
1222 1825 1
1222 1877 18
1222 1230 3
1223 1224 17
1223 1391 8
1223 1877 15
1223 1855 18
1223 1565 8
1224 1225 9
1224 1251 17
1224 1901 1
1225 1226 14
1226 1227 18
1226 1453 7
1226 1909 7
1227 1228 8
1227 1828 14
1228 1229 6
1228 1782 18
1228 1755 18
1228 1519 6
1228 1840 14
1228 1460 20
1228 1933 6
1229 1230 16
1229 1589 16
1230 1231 5
1230 1385 8
1230 1627 14
1231 1232 2
1232 1233 14
1233 1234 20
1233 1591 1
1233 1844 7
1234 1235 20
1234 1370 5
1235 1236 17
1235 1648 11
1236 1237 4
1236 1450 14
1237 1238 4
1237 1264 12
1237 1379 13
1237 1737 13
1237 1983 4
1238 1239 2
1239 1240 8
1239 1802 3
1240 1241 14
1240 1508 17
1241 1242 5
1241 1732 1
1241 1753 3
1241 1911 5
1242 1243 10
1242 1609 9
1242 1542 12
1242 1984 3
1242 1301 14
1243 1244 2
1243 1450 20
1243 1886 3
1243 1364 2
1243 1341 11
1243 1401 14
1244 1245 2
1244 1704 18
1244 1256 17
1245 1246 19
1245 1878 12
1245 1412 14
1246 1247 16
1246 1689 8
1246 1782 10
1247 1248 5
1247 1268 13
1247 1337 10
1248 1249 14
1249 1250 19
1249 1709 15
1249 1367 8
1249 1400 13
1250 1251 19
1250 1318 9
1250 1424 14
1250 1415 15
1250 1253 2
1251 1252 4
1251 1371 5
1252 1253 11
1252 1536 4
1252 1701 1
1253 1254 2
1253 1561 14
1253 1703 14
1254 1255 10
1255 1256 3
1256 1257 11
1256 1765 17
1256 1319 16
1256 1614 1
1257 1258 16
1257 1320 5
1258 1259 3
1259 1260 18
1259 1475 10
1259 1843 16
1260 1261 12
1260 1352 19
1261 1262 3
1261 1665 14
1261 1861 20
1262 1263 19
1262 1311 5
1262 1808 1
1262 1755 4
1262 1931 5
1263 1264 17
1264 1265 1
1264 1782 8
1265 1266 3
1266 1267 17
1266 1694 1
1267 1268 2
1267 1714 1
1267 1554 9
1267 1553 1
1268 1269 19
1268 1664 16
1268 1290 12
1269 1270 19
1269 1910 5
1270 1271 4
1271 1272 15
1271 1335 4
1272 1273 10
1273 1274 16
1273 1921 18
1273 1520 9
1273 1472 1
1273 1771 9
1274 1275 9
1274 1552 14
1275 1276 2
1275 1811 12
1275 1379 6
1275 1882 4
1276 1277 7
1276 1627 17
1276 1560 19
1276 1711 14
1276 1486 6
1277 1278 3
1278 1279 13
1278 1426 13
1278 1815 11
1279 1280 16
1279 1821 20
1279 1863 5
1279 1817 3
1280 1281 7
1280 1476 8
1280 1459 20
1280 1955 16
1281 1282 13
1282 1283 17
1282 1313 10
1282 1618 8
1282 1506 8
1282 1361 16
1283 1284 2
1284 1285 5
1284 1756 17
1284 1378 2
1285 1286 11
1285 1663 17
1285 1832 9
1285 1739 2
1285 1465 8
1286 1287 8
1286 1509 19
1287 1288 5
1287 1930 4
1288 1289 14
1289 1290 16
1289 1348 12
1290 1291 2
1290 1570 2
1290 1337 10
1291 1292 18
1291 1297 15
1292 1293 10
1293 1294 9
1293 1654 15
1294 1295 16
1294 1558 16
1294 1637 1
1294 1317 12
1294 1713 8
1295 1296 19
1295 1634 16
1295 1614 4
1295 1925 5
1295 1342 18
1295 1868 2
1295 1894 17
1296 1297 17
1296 1561 16
1297 1298 16
1297 1374 9
1297 1577 4
1297 1763 11
1298 1299 10
1298 1498 3
1299 1300 2
1299 1446 13
1299 1663 12
1300 1301 2
1300 1546 18
1300 1447 7
1301 1302 5
1301 1692 3
1302 1303 9
1302 1416 2
1302 1555 16
1302 1554 12
1302 1366 2
1303 1304 2
1303 1871 20
1304 1305 17
1305 1306 7
1305 1884 12
1305 1456 7
1306 1307 10
1307 1308 11
1307 1457 1
1307 1772 15
1307 1719 13
1307 1473 19
1307 1967 11
1308 1309 13
1309 1310 6
1309 1356 9
1310 1311 16
1310 1540 7
1311 1312 17
1311 1701 7
1311 1646 3
1311 1613 6
1312 1313 16
1312 1767 15
1312 1381 10
1312 1316 18
1313 1314 13
1313 1376 14
1313 1755 13
1313 1876 20
1314 1315 12
1314 1356 15
1314 1636 3
1315 1316 16
1316 1317 9
1316 1491 12
1317 1318 5
1317 1911 4
1317 1875 7
1318 1319 3
1318 1964 11
1318 1933 11
1319 1320 10
1319 1768 5
1320 1321 14
1320 1720 2
1321 1322 16
1321 1420 15
1322 1323 19
1322 1485 13
1322 1770 16
1322 1754 19
1322 1936 5
1323 1324 16
1323 1599 6
1323 1732 4
1324 1325 18
1324 1876 13
1324 1620 1
1325 1326 6
1326 1327 7
1326 1860 19
1326 1996 15
1327 1328 7
1327 1958 18
1328 1329 3
1329 1330 15
1329 1582 17
1329 1663 8
1329 1739 16
1329 1547 20
1330 1331 9
1330 1874 7
1331 1332 20
1331 1744 13
1332 1333 18
1333 1334 13
1334 1335 14
1334 1672 15
1335 1336 18
1335 1635 6
1335 1350 18
1335 1899 9
1335 1859 5
1336 1337 3
1336 1772 20
1336 1987 3
1337 1338 7
1337 1913 18
1337 1945 1
1337 1841 2
1338 1339 7
1338 1820 18
1338 1420 6
1338 1940 10
1339 1340 2
1339 1617 6
1339 1763 14
1339 1757 16
1339 1781 15
1339 1991 13
1340 1341 6
1340 1997 5
1341 1342 15
1341 1611 6
1342 1343 1
1342 1977 11
1343 1344 20
1343 1504 7
1344 1345 17
1344 1603 16
1345 1346 6
1345 1758 18
1346 1347 18
1346 1820 3
1346 1990 15
1347 1348 6
1348 1349 11
1349 1350 17
1349 1595 18
1350 1351 17
1351 1352 13
1351 1683 1
1351 1460 20
1352 1353 5
1352 1896 2
1353 1354 7
1353 1823 9
1353 1818 19
1353 1540 18
1353 1544 20
1353 1885 7
1354 1355 2
1355 1356 14
1355 1702 13
1356 1357 8
1357 1358 20
1357 1709 13
1357 1442 7
1358 1359 14
1358 1997 2
1358 1579 19
1359 1360 19
1359 1766 8
1360 1361 13
1360 1713 16
1361 1362 7
1362 1363 4
1362 1385 2
1362 1635 17
1363 1364 3
1364 1365 3
1364 1940 19
1365 1366 4
1365 1417 5
1365 1448 7
1366 1367 2
1366 1598 20
1366 1843 2
1367 1368 4
1367 1478 8
1367 1608 2
1368 1369 20
1368 1684 12
1368 1780 2
1368 1739 15
1369 1370 9
1369 1970 3
1370 1371 7
1371 1372 7
1372 1373 12
1373 1374 14
1374 1375 13
1374 1770 12
1375 1376 13
1375 1761 2
1375 1399 4
1376 1377 20
1377 1378 15
1377 1839 14
1378 1379 7
1379 1380 4
1379 1894 3
1379 1888 17
1380 1381 17
1380 1427 10
1381 1382 15
1381 1885 13
1382 1383 3
1382 1838 2
1383 1384 7
1384 1385 13
1385 1386 2
1385 1840 20
1386 1387 19
1386 1480 8
1386 1392 5
1386 1708 16
1387 1388 16
1387 1415 9
1388 1389 2
1389 1390 4
1389 1599 5
1390 1391 5
1390 1700 6
1391 1392 12
1391 1787 17
1391 1703 17
1391 1520 5
1392 1393 6
1393 1394 9
1393 1892 9
1393 1831 19
1393 1487 20
1393 1801 15
1394 1395 9
1395 1396 2
1396 1397 12
1396 1734 12
1396 1732 18
1397 1398 15
1397 1942 14
1398 1399 17
1398 1519 14
1398 1405 12
1398 1728 2
1399 1400 18
1399 1548 15
1399 1547 8
1400 1401 6
1400 1770 9
1401 1402 6
1401 1976 20
1401 1605 2
1401 1809 9
1401 1529 14
1402 1403 12
1402 1452 9
1403 1404 14
1403 1681 19
1404 1405 4
1404 1823 11
1404 1494 18
1404 1880 11
1405 1406 13
1405 1868 1
1406 1407 16
1407 1408 7
1407 1523 5
1408 1409 15
1408 1712 7
1408 1520 10
1408 1823 13
1408 1517 18
1408 1602 8
1408 1451 5
1408 1566 2
1408 1471 12
1409 1410 1
1409 1412 2
1409 1418 7
1410 1411 20
1411 1412 10
1411 1744 7
1411 1794 4
1412 1413 14
1412 1621 9
1413 1414 11
1414 1415 20
1414 1480 16
1414 1570 18
1415 1416 20
1415 1866 14
1415 1936 12
1416 1417 20
1416 1593 4
1416 1931 6
1417 1418 1
1417 1733 10
1417 1688 13
1418 1419 19
1418 1845 2
1419 1420 6
1419 1842 14
1419 1633 9
1420 1421 10
1420 1494 8
1421 1422 2
1422 1423 9
1422 1863 8
1422 1708 10
1422 1509 3
1423 1424 15
1423 1881 11
1423 1596 7
1423 1530 7
1424 1425 14
1424 1543 7
1424 1480 9
1425 1426 16
1426 1427 11
1426 1991 1
1427 1428 20
1427 1584 19
1427 1583 18
1428 1429 8
1428 1855 7
1429 1430 1
1430 1431 2
1430 1705 14
1431 1432 6
1432 1433 10
1432 1562 12
1433 1434 4
1434 1435 7
1435 1436 2
1435 1497 14
1435 1519 7
1436 1437 16
1437 1438 10
1437 1694 5
1437 1906 7
1437 1899 19
1438 1439 13
1438 1906 5
1439 1440 3
1440 1441 13
1441 1442 3
1441 1788 3
1442 1443 20
1442 1511 4
1442 1649 14
1443 1444 19
1443 1784 3
1443 1538 15
1444 1445 18
1445 1446 15
1445 1554 19
1446 1447 1
1446 1866 7
1447 1448 4
1447 1713 7
1448 1449 2
1448 1873 7
1449 1450 20
1449 1475 16
1449 1455 14
1450 1451 16
1451 1452 15
1451 1706 3
1452 1453 12
1452 1496 6
1453 1454 6
1453 1554 9
1454 1455 17
1454 1840 20
1455 1456 12
1455 1775 16
1456 1457 8
1457 1458 17
1457 1687 8
1458 1459 9
1458 1685 17
1459 1460 19
1459 1883 1
1459 1566 3
1459 1905 18
1460 1461 16
1461 1462 18
1461 1970 1
1461 1705 16
1462 1463 12
1462 1868 14
1462 1690 18
1463 1464 13
1463 1568 18
1464 1465 1
1465 1466 20
1465 1753 16
1466 1467 20
1467 1468 17
1468 1469 4
1468 1877 10
1468 1492 5
1468 1808 1
1468 1969 1
1469 1470 14
1470 1471 16
1471 1472 1
1471 1615 3
1472 1473 6
1472 1899 3
1472 1882 15
1473 1474 4
1474 1475 10
1474 1725 17
1474 1945 14
1475 1476 14
1476 1477 14
1476 1751 4
1476 1703 20
1477 1478 5
1478 1479 10
1478 1852 5
1478 1976 12
1479 1480 2
1479 1944 7
1480 1481 2
1481 1482 19
1481 1987 1
1481 1521 1
1482 1483 1
1482 1778 7
1483 1484 3
1484 1485 16
1484 1913 18
1485 1486 9
1486 1487 17
1487 1488 11
1487 1708 18
1488 1489 18
1488 1779 13
1488 1629 9
1489 1490 15
1490 1491 8
1491 1492 6
1491 1573 3
1492 1493 12
1492 1758 10
1493 1494 5
1493 1942 16
1494 1495 15
1494 1639 8
1494 1767 9
1495 1496 12
1496 1497 19
1497 1498 6
1497 1504 17
1498 1499 18
1499 1500 5
1499 1820 12
1500 1501 2
1501 1502 6
1502 1503 15
1503 1504 1
1503 1847 20
1504 1505 16
1504 1933 9
1505 1506 1
1505 1719 6
1506 1507 10
1506 1544 20
1506 1869 5
1506 1916 2
1507 1508 14
1507 1617 4
1508 1509 11
1509 1510 11
1509 1679 11
1509 1762 20
1509 1891 17
1510 1511 8
1511 1512 2
1511 1785 8
1512 1513 16
1512 1911 2
1512 1681 3
1513 1514 14
1513 1718 19
1514 1515 6
1515 1516 16
1515 1705 1
1516 1517 18
1516 1803 6
1517 1518 2
1517 1722 8
1517 1892 20
1518 1519 15
1519 1520 11
1520 1521 18
1520 1895 13
1521 1522 17
1521 1762 20
1522 1523 8
1522 1747 8
1523 1524 3
1523 1865 18
1523 1731 14
1523 1998 3
1523 1594 19
1524 1525 10
1524 1839 9
1525 1526 11
1525 1545 10
1525 1945 15
1526 1527 20
1526 1882 19
1527 1528 20
1527 1918 13
1528 1529 12
1528 1843 3
1529 1530 3
1529 1821 1
1530 1531 8
1530 1841 18
1531 1532 6
1531 1746 5
1532 1533 18
1532 1957 17
1533 1534 13
1533 1920 3
1533 1578 12
1533 1904 5
1534 1535 2
1534 1731 3
1534 1837 6
1534 1945 12
1535 1536 3
1535 1601 12
1536 1537 6
1536 1757 14
1536 1986 11
1537 1538 9
1537 1717 13
1538 1539 4
1538 1999 3
1538 1850 4
1538 1605 7
1539 1540 20
1539 1786 13
1539 1844 12
1540 1541 18
1540 1821 12
1541 1542 11
1541 1663 13
1541 1985 19
1541 1596 16
1542 1543 14
1543 1544 3
1543 1775 17
1544 1545 19
1544 1617 11
1545 1546 19
1545 1763 6
1546 1547 20
1547 1548 9
1548 1549 15
1549 1550 20
1549 1632 8
1550 1551 6
1550 1984 4
1550 1650 18
1551 1552 20
1551 1716 17
1551 1976 9
1552 1553 12
1553 1554 14
1554 1555 3
1554 1928 8
1555 1556 18
1556 1557 6
1556 1986 8
1556 1607 15
1557 1558 9
1557 1657 7
1558 1559 20
1558 1659 18
1559 1560 12
1559 1789 8
1559 1665 5
1560 1561 16
1560 1983 10
1561 1562 1
1562 1563 16
1563 1564 14
1563 1957 3
1564 1565 18
1565 1566 19
1566 1567 9
1566 1615 4
1567 1568 4
1567 1851 18
1567 1929 15
1568 1569 2
1568 1843 10
1568 1885 7
1569 1570 5
1569 1734 18
1569 1797 16
1569 1936 19
1570 1571 12
1570 1906 9
1570 1573 6
1571 1572 12
1572 1573 17
1572 1962 3
1572 1655 13
1573 1574 17
1573 1952 4
1574 1575 2
1575 1576 13
1575 1705 18
1576 1577 6
1577 1578 18
1577 1873 12
1578 1579 15
1578 1827 12
1579 1580 9
1579 1845 4
1579 1792 15
1580 1581 3
1581 1582 10
1581 1917 8
1582 1583 16
1582 1731 14
1583 1584 7
1583 1737 1
1584 1585 16
1584 1903 11
1584 1816 10
1585 1586 12
1585 1840 1
1586 1587 14
1587 1588 7
1587 1721 5
1587 1948 12
1588 1589 18
1589 1590 2
1590 1591 3
1591 1592 1
1592 1593 13
1593 1594 20
1593 1894 3
1593 1919 4
1594 1595 2
1594 1658 19
1595 1596 3
1596 1597 7
1597 1598 15
1597 1861 5
1598 1599 12
1599 1600 6
1600 1601 19
1600 1977 9
1600 1752 10
1600 1865 19
1601 1602 8
1602 1603 19
1603 1604 4
1604 1605 20
1604 1731 8
1605 1606 11
1605 1847 3
1605 1997 19
1606 1607 8
1606 1907 13
1607 1608 2
1608 1609 12
1609 1610 2
1609 1785 6
1610 1611 13
1611 1612 15
1612 1613 4
1613 1614 17
1614 1615 5
1614 1732 13
1615 1616 13
1616 1617 15
1616 1669 1
1617 1618 6
1617 1719 1
1618 1619 9
1618 1833 8
1618 1656 10
1619 1620 14
1620 1621 8
1621 1622 17
1622 1623 9
1623 1624 11
1623 1638 2
1624 1625 19
1625 1626 10
1625 1866 11
1626 1627 18
1627 1628 10
1627 1700 2
1628 1629 19
1629 1630 10
1629 1923 7
1630 1631 17
1630 1674 14
1631 1632 8
1632 1633 20
1633 1634 10
1633 1888 12
1634 1635 1
1635 1636 13
1636 1637 18
1637 1638 13
1638 1639 16
1638 1797 16
1639 1640 14
1640 1641 13
1640 1783 4
1641 1642 7
1642 1643 17
1643 1644 16
1643 1950 5
1644 1645 16
1645 1646 14
1646 1647 14
1646 1960 2
1647 1648 12
1647 1843 6
1647 1948 16
1647 1834 5
1648 1649 14
1648 1821 11
1649 1650 16
1649 1798 6
1649 1696 12
1650 1651 20
1651 1652 18
1651 1904 2
1652 1653 1
1653 1654 15
1654 1655 8
1655 1656 3
1656 1657 9
1657 1658 13
1657 1776 8
1658 1659 2
1658 1662 10
1658 1787 3
1658 1688 11
1658 1719 15
1659 1660 1
1659 1955 5
1660 1661 12
1661 1662 6
1661 1675 19
1662 1663 9
1663 1664 15
1663 1978 9
1663 1958 2
1664 1665 15
1664 1881 11
1665 1666 11
1665 1815 16
1666 1667 6
1667 1668 17
1668 1669 1
1668 1718 20
1669 1670 5
1670 1671 15
1670 1738 9
1671 1672 12
1672 1673 10
1672 1826 7
1673 1674 9
1673 1932 12
1674 1675 11
1674 1988 1
1674 1718 20
1675 1676 14
1676 1677 11
1677 1678 12
1678 1679 20
1679 1680 17
1680 1681 8
1680 1795 1
1681 1682 13
1681 1725 9
1682 1683 9
1683 1684 1
1684 1685 6
1685 1686 15
1686 1687 15
1687 1688 13
1688 1689 7
1689 1690 9
1689 1811 3
1690 1691 11
1690 1717 14
1691 1692 19
1692 1693 17
1693 1694 13
1694 1695 16
1694 1980 5
1695 1696 19
1695 1763 19
1696 1697 14
1697 1698 11
1698 1699 11
1699 1700 4
1700 1701 13
1700 1898 20
1701 1702 2
1701 1768 8
1702 1703 13
1703 1704 6
1704 1705 5
1704 1833 9
1705 1706 4
1705 1718 10
1706 1707 3
1707 1708 8
1708 1709 6
1709 1710 6
1710 1711 20
1710 1994 19
1711 1712 6
1712 1713 12
1712 1844 3
1712 1723 13
1713 1714 20
1714 1715 4
1715 1716 10
1715 1821 9
1716 1717 17
1717 1718 6
1718 1719 7
1718 1795 4
1718 1982 10
1719 1720 10
1719 1850 15
1719 1835 1
1720 1721 5
1720 1841 7
1721 1722 2
1721 1960 6
1722 1723 17
1723 1724 6
1723 1750 1
1724 1725 3
1725 1726 20
1725 1825 1
1726 1727 3
1726 1772 12
1726 1782 20
1727 1728 19
1728 1729 2
1729 1730 12
1730 1731 18
1731 1732 15
1732 1733 15
1732 1940 4
1732 1790 1
1733 1734 1
1734 1735 14
1735 1736 8
1735 1881 3
1736 1737 16
1737 1738 17
1738 1739 16
1739 1740 14
1739 1834 7
1740 1741 5
1741 1742 10
1741 1918 16
1742 1743 6
1743 1744 2
1743 1784 5
1744 1745 7
1744 1961 11
1745 1746 6
1746 1747 9
1747 1748 10
1748 1749 3
1748 1899 10
1748 1821 4
1749 1750 4
1749 1768 19
1750 1751 19
1750 1784 1
1751 1752 17
1751 1859 13
1751 1839 18
1752 1753 4
1752 1842 12
1752 1860 15
1753 1754 6
1754 1755 16
1754 1929 12
1755 1756 12
1756 1757 18
1757 1758 20
1757 1775 16
1758 1759 7
1759 1760 15
1759 1863 14
1760 1761 7
1760 1893 2
1761 1762 9
1761 1802 14
1762 1763 20
1763 1764 1
1763 1903 3
1764 1765 19
1764 1937 12
1765 1766 11
1766 1767 11
1767 1768 2
1767 1960 1
1767 1823 19
1768 1769 20
1768 1987 5
1769 1770 12
1769 1941 3
1770 1771 20
1771 1772 1
1772 1773 5
1773 1774 1
1774 1775 18
1775 1776 20
1776 1777 10
1776 1915 6
1776 1948 4
1777 1778 18
1777 1899 3
1778 1779 6
1778 1886 17
1778 1911 6
1779 1780 13
1780 1781 16
1781 1782 12
1782 1783 13
1783 1784 2
1783 1865 1
1783 1921 8
1784 1785 11
1785 1786 15
1785 1959 2
1786 1787 14
1787 1788 8
1788 1789 6
1789 1790 19
1789 1990 6
1789 1815 5
1789 1942 7
1790 1791 2
1790 1857 11
1790 1927 16
1791 1792 4
1792 1793 6
1792 1813 9
1793 1794 2
1793 1838 3
1794 1795 15
1794 1832 10
1794 1933 15
1795 1796 3
1796 1797 11
1797 1798 9
1798 1799 4
1799 1800 18
1800 1801 18
1800 1968 16
1800 1830 19
1801 1802 17
1801 1902 15
1802 1803 15
1803 1804 15
1804 1805 5
1805 1806 6
1806 1807 18
1807 1808 6
1808 1809 2
1809 1810 9
1810 1811 8
1811 1812 15
1811 1863 7
1812 1813 19
1813 1814 2
1814 1815 13
1814 1828 12
1815 1816 17
1815 1965 16
1816 1817 20
1817 1818 13
1818 1819 16
1818 1911 9
1819 1820 15
1820 1821 20
1821 1822 6
1822 1823 13
1822 1834 16
1823 1824 4
1824 1825 8
1824 1968 10
1825 1826 11
1825 1904 13
1826 1827 5
1827 1828 13
1828 1829 3
1829 1830 15
1830 1831 14
1830 1960 10
1830 1936 10
1831 1832 9
1832 1833 5
1833 1834 10
1834 1835 4
1835 1836 6
1836 1837 17
1836 1887 13
1837 1838 8
1838 1839 2
1839 1840 2
1840 1841 18
1841 1842 19
1842 1843 5
1843 1844 2
1844 1845 5
1845 1846 13
1845 1965 8
1846 1847 20
1847 1848 11
1847 1972 12
1848 1849 15
1849 1850 12
1850 1851 16
1851 1852 6
1852 1853 16
1853 1854 13
1854 1855 14
1855 1856 11
1855 1924 1
1856 1857 7
1857 1858 13
1858 1859 14
1859 1860 2
1860 1861 9
1860 1888 15
1861 1862 13
1862 1863 6
1863 1864 8
1864 1865 14
1865 1866 9
1866 1867 11
1867 1868 1
1868 1869 4
1869 1870 6
1870 1871 19
1871 1872 6
1872 1873 3
1872 1901 8
1873 1874 9
1873 1921 4
1874 1875 16
1875 1876 11
1876 1877 12
1877 1878 15
1877 1881 12
1877 1945 1
1878 1879 19
1879 1880 12
1880 1881 15
1881 1882 10
1882 1883 19
1883 1884 15
1884 1885 8
1885 1886 10
1886 1887 4
1887 1888 7
1888 1889 4
1889 1890 20
1889 1990 16
1889 1931 5
1890 1891 16
1891 1892 13
1892 1893 4
1893 1894 1
1894 1895 12
1895 1896 3
1896 1897 16
1897 1898 14
1898 1899 15
1899 1900 18
1900 1901 11
1901 1902 9
1901 1917 6
1902 1903 9
1903 1904 4
1904 1905 1
1905 1906 5
1906 1907 17
1907 1908 16
1907 1953 8
1908 1909 4
1909 1910 8
1909 1935 13
1910 1911 19
1911 1912 11
1912 1913 19
1913 1914 6
1914 1915 18
1915 1916 20
1915 1971 13
1916 1917 17
1916 1920 14
1917 1918 12
1918 1919 20
1919 1920 16
1920 1921 20
1920 1943 2
1921 1922 5
1922 1923 2
1923 1924 1
1924 1925 4
1925 1926 15
1926 1927 3
1927 1928 3
1928 1929 13
1929 1930 17
1930 1931 8
1931 1932 13
1932 1933 11
1933 1934 13
1933 1944 11
1934 1935 13
1935 1936 9
1936 1937 14
1937 1938 18
1938 1939 16
1939 1940 7
1940 1941 13
1940 1969 19
1941 1942 9
1942 1943 2
1943 1944 2
1944 1945 4
1945 1946 10
1946 1947 10
1947 1948 15
1948 1949 12
1949 1950 2
1949 1990 20
1950 1951 1
1951 1952 12
1952 1953 20
1953 1954 3
1954 1955 15
1955 1956 3
1956 1957 20
1957 1958 13
1958 1959 9
1959 1960 4
1960 1961 11
1961 1962 4
1962 1963 20
1963 1964 11
1964 1965 4
1965 1966 2
1966 1967 9
1967 1968 10
1968 1969 5
1969 1970 11
1970 1971 14
1970 1994 13
1971 1972 5
1972 1973 1
1973 1974 10
1974 1975 18
1975 1976 15
1976 1977 1
1977 1978 16
1978 1979 1
1979 1980 13
1980 1981 6
1981 1982 14
1982 1983 5
1983 1984 10
1984 1985 18
1985 1986 6
1986 1987 8
1987 1988 10
1988 1989 1
1989 1990 19
1990 1991 14
1991 1992 6
1992 1993 10
1993 1994 3
1994 1995 19
1995 1996 15
1996 1997 12
1997 1998 11
1998 1999 12
