5000 6988
0 1 1
0 2 1
0 3 1
2 7 1
2 8 1
3 4 1
3 5 1
3 6 1
7 4990 1
9 10 1
9 11 1
9 12 1
10 13 1
11 14 1
11 15 1
11 16 1
12 17 1
12 18 1
12 19 1
13 15 1
13 20 1
13 21 1
14 22 1
14 23 1
14 24 1
15 23 1
15 25 1
16 26 1
16 27 1
16 28 1
17 29 1
18 40 1
18 41 1
19 28 1
19 42 1
20 29 1
20 31 1
20 32 1
20 33 1
21 563 1
21 564 1
22 510 1
22 511 1
23 512 1
23 513 1
24 26 1
24 511 1
24 514 1
25 515 1
25 516 1
25 517 1
26 675 1
27 102 1
27 677 1
27 678 1
28 102 1
28 676 1
29 30 1
30 34 1
30 35 1
32 36 1
32 37 1
33 38 1
33 39 1
34 43 1
34 44 1
35 37 1
36 44 1
36 57 1
41 59 1
41 62 1
44 56 1
45 46 1
45 47 1
45 48 1
46 49 1
47 49 1
47 50 1
47 51 1
48 52 1
48 53 1
49 54 1
49 55 1
50 69 1
50 70 1
51 52 1
51 70 1
51 71 1
52 153 1
52 154 1
53 154 1
53 161 1
54 92 1
54 107 1
54 108 1
55 69 1
56 57 1
56 58 1
56 59 1
57 60 1
57 61 1
58 64 1
58 65 1
58 66 1
59 63 1
59 64 1
60 61 1
60 66 1
60 75 1
61 81 1
61 82 1
62 63 1
63 72 1
63 74 1
64 67 1
66 68 1
67 72 1
67 73 1
68 76 1
68 77 1
69 132 1
70 132 1
70 144 1
71 153 1
71 155 1
72 97 1
72 98 1
73 99 1
73 100 1
73 101 1
74 98 1
74 547 1
75 78 1
75 79 1
75 80 1
76 83 1
76 84 1
77 87 1
77 88 1
78 79 1
78 90 1
78 92 1
79 94 1
79 95 1
80 82 1
80 96 1
84 85 1
84 86 1
86 89 1
86 90 1
90 91 1
92 93 1
94 107 1
94 518 1
96 518 1
97 104 1
97 105 1
97 106 1
98 102 1
98 103 1
99 108 1
99 129 1
99 134 1
100 104 1
100 135 1
101 136 1
101 137 1
102 565 1
104 156 1
105 565 1
105 566 1
106 567 1
106 568 1
107 117 1
108 110 1
109 110 1
109 111 1
109 112 1
110 113 1
112 114 1
112 115 1
112 116 1
114 118 1
114 123 1
115 141 1
115 142 1
116 123 1
116 142 1
116 143 1
117 233 1
117 244 1
117 245 1
118 119 1
118 120 1
119 121 1
119 122 1
120 122 1
120 123 1
120 124 1
121 125 1
121 126 1
122 126 1
123 140 1
124 130 1
124 140 1
125 127 1
126 127 1
126 130 1
127 128 1
127 129 1
128 130 1
129 131 1
132 133 1
133 144 1
133 145 1
133 146 1
134 138 1
134 139 1
135 157 1
135 158 1
136 139 1
136 240 1
137 240 1
137 241 1
138 256 1
138 258 1
138 259 1
139 270 1
139 271 1
140 143 1
141 147 1
141 148 1
142 148 1
142 149 1
143 149 1
143 159 1
144 155 1
145 147 1
145 151 1
146 151 1
146 165 1
146 166 1
147 150 1
148 151 1
148 152 1
149 152 1
149 164 1
151 163 1
152 163 1
152 180 1
153 160 1
153 161 1
154 162 1
155 160 1
155 168 1
158 569 1
158 570 1
159 167 1
160 183 1
160 184 1
163 166 1
163 185 1
164 167 1
164 181 1
164 182 1
165 168 1
165 204 1
165 205 1
166 206 1
166 207 1
167 213 1
168 184 1
169 170 1
169 171 1
169 172 1
170 173 1
170 174 1
172 175 1
172 176 1
172 177 1
174 178 1
174 179 1
175 1760 1
175 1762 1
176 1762 1
176 2288 1
177 179 1
177 4224 1
179 1744 1
179 1745 1
180 181 1
180 185 1
180 203 1
181 212 1
183 208 1
183 209 1
184 208 1
184 210 1
185 207 1
185 211 1
186 187 1
186 188 1
186 189 1
186 190 1
186 191 1
187 188 1
187 192 1
187 193 1
188 194 1
188 195 1
189 191 1
189 196 1
191 197 1
192 198 1
192 199 1
192 200 1
193 200 1
193 201 1
193 202 1
194 463 1
194 468 1
195 458 1
195 459 1
195 468 1
196 432 1
196 477 1
198 420 1
198 438 1
199 393 1
199 394 1
199 529 1
200 535 1
201 469 1
202 537 1
202 544 1
202 545 1
203 211 1
203 212 1
204 205 1
204 206 1
205 210 1
206 215 1
206 216 1
207 217 1
207 218 1
208 210 1
208 219 1
208 220 1
209 219 1
209 221 1
210 215 1
212 214 1
213 222 1
214 223 1
215 224 1
216 218 1
216 224 1
216 225 1
218 226 1
219 227 1
220 224 1
220 228 1
221 227 1
222 223 1
223 229 1
224 230 1
225 226 1
225 230 1
225 232 1
226 231 1
227 233 1
228 234 1
228 237 1
228 238 1
230 234 1
231 232 1
231 235 1
232 234 1
232 236 1
233 243 1
234 239 1
236 239 1
236 242 1
237 249 1
237 250 1
237 251 1
238 251 1
238 252 1
239 249 1
240 241 1
240 272 1
242 249 1
242 255 1
243 246 1
243 247 1
243 248 1
244 261 1
244 269 1
245 521 1
245 523 1
246 261 1
246 268 1
247 253 1
248 268 1
251 253 1
251 254 1
252 253 1
255 256 1
255 257 1
256 264 1
257 572 1
257 573 1
258 259 1
258 260 1
259 261 1
259 262 1
260 261 1
260 263 1
262 264 1
262 265 1
263 266 1
263 267 1
264 571 1
266 291 1
266 292 1
267 293 1
267 294 1
267 295 1
268 736 1
269 290 1
270 273 1
270 274 1
271 279 1
271 280 1
273 275 1
273 276 1
274 277 1
274 278 1
276 281 1
276 282 1
277 281 1
277 296 1
280 282 1
281 302 1
282 314 1
283 284 1
283 285 1
283 286 1
284 286 1
284 287 1
286 288 1
286 289 1
287 290 1
288 289 1
288 304 1
289 308 1
289 312 1
290 521 1
291 309 1
291 319 1
292 309 1
292 320 1
293 297 1
293 300 1
293 301 1
294 301 1
294 576 1
295 577 1
295 578 1
296 297 1
296 298 1
297 298 1
298 299 1
299 323 1
299 324 1
300 574 1
300 575 1
301 576 1
302 315 1
302 316 1
303 304 1
303 305 1
303 306 1
304 307 1
304 308 1
306 309 1
306 310 1
307 310 1
307 311 1
308 312 1
308 313 1
310 317 1
310 318 1
311 313 1
311 524 1
311 525 1
314 582 1
315 330 1
315 582 1
317 322 1
317 326 1
317 327 1
318 524 1
318 534 1
320 321 1
320 322 1
322 324 1
324 325 1
325 328 1
325 329 1
326 329 1
326 336 1
326 337 1
327 337 1
327 527 1
328 330 1
328 331 1
329 332 1
330 333 1
332 334 1
332 335 1
334 353 1
334 360 1
335 336 1
335 361 1
335 362 1
336 532 1
337 533 1
338 339 1
338 340 1
338 341 1
339 342 1
339 343 1
340 344 1
340 345 1
341 346 1
341 347 1
342 348 1
342 349 1
343 344 1
343 348 1
343 350 1
344 350 1
344 352 1
345 350 1
345 351 1
346 353 1
346 354 1
347 358 1
347 359 1
348 584 1
353 355 1
354 356 1
354 357 1
355 359 1
356 357 1
356 451 1
360 363 1
360 364 1
361 365 1
361 368 1
361 369 1
362 363 1
362 369 1
362 376 1
363 585 1
365 366 1
365 367 1
366 372 1
367 370 1
367 371 1
368 373 1
368 374 1
368 375 1
369 370 1
369 376 1
370 390 1
371 372 1
371 387 1
371 388 1
372 377 1
372 383 1
373 375 1
373 385 1
373 392 1
374 375 1
374 532 1
376 445 1
377 378 1
377 379 1
377 380 1
378 381 1
378 382 1
379 382 1
380 381 1
380 383 1
380 384 1
381 385 1
381 386 1
383 388 1
383 389 1
384 386 1
384 389 1
385 392 1
385 393 1
386 394 1
387 390 1
387 398 1
387 399 1
388 399 1
388 400 1
389 400 1
389 404 1
390 391 1
391 398 1
391 411 1
392 395 1
392 396 1
393 397 1
394 404 1
395 526 1
396 527 1
396 528 1
397 526 1
397 530 1
397 531 1
398 402 1
398 403 1
399 401 1
399 402 1
400 401 1
400 405 1
401 419 1
402 417 1
402 419 1
403 411 1
403 412 1
403 417 1
404 405 1
404 420 1
405 425 1
405 426 1
406 407 1
406 408 1
406 409 1
406 410 1
407 411 1
407 412 1
408 413 1
408 414 1
409 412 1
409 414 1
409 415 1
412 416 1
413 422 1
413 423 1
414 423 1
414 424 1
415 416 1
415 424 1
416 417 1
416 421 1
417 418 1
418 419 1
418 421 1
418 430 1
420 425 1
421 431 1
421 432 1
422 427 1
422 428 1
423 429 1
424 429 1
424 431 1
425 437 1
429 433 1
429 434 1
431 433 1
432 435 1
432 436 1
433 440 1
434 439 1
434 440 1
435 448 1
435 449 1
436 454 1
436 478 1
436 479 1
439 441 1
439 442 1
440 441 1
442 443 1
442 444 1
442 445 1
443 446 1
443 447 1
444 448 1
444 449 1
445 446 1
446 450 1
446 451 1
447 448 1
447 450 1
449 473 1
450 453 1
450 454 1
451 452 1
454 475 1
454 476 1
455 456 1
455 457 1
455 458 1
456 459 1
456 460 1
457 461 1
457 462 1
458 463 1
458 464 1
459 460 1
460 465 1
461 462 1
461 465 1
462 466 1
463 467 1
464 470 1
464 471 1
464 472 1
467 469 1
467 470 1
470 474 1
472 474 1
472 587 1
472 588 1
474 586 1
475 476 1
477 714 1
477 715 1
478 715 1
480 481 1
480 482 1
480 483 1
480 484 1
481 482 1
481 484 1
481 485 1
482 484 1
482 488 1
483 486 1
483 487 1
485 489 1
485 490 1
485 491 1
486 488 1
486 548 1
487 503 1
487 548 1
488 492 1
489 683 1
489 1329 1
489 2374 1
490 2491 1
490 2492 1
491 2489 1
491 2493 1
491 2495 1
492 725 1
492 730 1
492 2006 1
493 494 1
493 495 1
493 496 1
493 497 1
494 498 1
494 499 1
495 498 1
495 500 1
496 501 1
496 502 1
496 503 1
497 500 1
497 504 1
497 505 1
498 506 1
499 507 1
500 508 1
500 509 1
501 502 1
501 721 1
502 722 1
503 548 1
503 723 1
504 505 1
504 508 1
504 1323 1
505 1322 1
505 1323 1
506 507 1
506 721 1
506 728 1
507 2474 1
508 1331 1
508 2943 1
510 511 1
510 512 1
510 825 1
512 820 1
512 823 1
514 679 1
514 681 1
517 563 1
518 519 1
518 520 1
521 522 1
524 534 1
526 540 1
529 536 1
529 537 1
530 538 1
530 539 1
530 540 1
531 536 1
531 538 1
531 544 1
535 657 1
535 658 1
536 544 1
537 720 1
538 541 1
539 540 1
539 542 1
540 543 1
541 545 1
541 546 1
542 629 1
542 630 1
543 630 1
543 633 1
544 545 1
548 2485 1
549 550 1
549 551 1
549 552 1
549 553 1
550 554 1
551 555 1
551 556 1
552 557 1
552 558 1
553 559 1
553 560 1
554 561 1
554 562 1
555 561 1
559 560 1
561 562 1
574 579 1
575 580 1
577 578 1
577 581 1
578 581 1
579 581 1
582 583 1
582 584 1
587 714 1
587 749 1
588 752 1
588 753 1
589 590 1
589 591 1
589 592 1
590 593 1
590 594 1
592 595 1
592 596 1
593 597 1
593 598 1
594 599 1
594 600 1
597 778 1
597 801 1
599 805 1
601 602 1
601 603 1
601 604 1
602 605 1
602 606 1
602 607 1
603 608 1
603 609 1
604 610 1
604 611 1
605 612 1
605 613 1
606 614 1
606 615 1
606 616 1
609 1835 1
609 1836 1
611 1835 1
612 1869 1
612 1870 1
613 1871 1
613 1872 1
614 1873 1
614 1874 1
614 1875 1
617 618 1
617 619 1
617 620 1
617 621 1
618 622 1
618 623 1
619 624 1
619 628 1
620 624 1
620 625 1
621 626 1
621 627 1
628 4611 1
629 630 1
629 631 1
629 632 1
630 632 1
631 739 1
631 754 1
632 748 1
634 635 1
634 636 1
634 637 1
636 638 1
636 639 1
639 1027 1
640 641 1
640 642 1
640 643 1
640 644 1
640 645 1
641 644 1
641 646 1
641 647 1
642 649 1
642 650 1
643 648 1
643 649 1
644 650 1
644 651 1
645 647 1
645 652 1
645 653 1
646 651 1
646 654 1
647 655 1
647 656 1
648 2773 1
648 2778 1
649 2772 1
650 2770 1
650 2771 1
651 2421 1
651 2424 1
652 2778 1
653 655 1
653 2894 1
654 2421 1
654 2422 1
654 2423 1
655 2891 1
655 2892 1
659 660 1
659 661 1
659 662 1
660 663 1
660 664 1
660 665 1
661 662 1
661 663 1
661 666 1
662 667 1
663 673 1
663 674 1
664 665 1
664 668 1
664 669 1
664 670 1
665 671 1
665 672 1
667 682 1
667 683 1
667 684 1
668 669 1
668 1270 1
668 1271 1
669 1272 1
669 1273 1
670 672 1
670 1274 1
671 1275 1
672 1274 1
672 1276 1
672 1277 1
673 734 1
673 735 1
674 731 1
674 732 1
674 733 1
675 679 1
675 680 1
675 681 1
682 1784 1
682 1792 1
683 1325 1
683 2374 1
684 2375 1
684 2376 1
685 686 1
685 687 1
685 688 1
685 689 1
686 688 1
686 690 1
686 691 1
687 694 1
687 695 1
687 696 1
688 697 1
689 692 1
689 693 1
690 698 1
690 700 1
690 701 1
691 698 1
691 699 1
692 693 1
692 2534 1
693 2000 1
694 1999 1
694 2000 1
695 1999 1
695 2003 1
695 2004 1
696 2001 1
696 2002 1
697 700 1
698 701 1
699 701 1
699 2534 1
699 2588 1
700 716 1
700 717 1
701 717 1
702 703 1
702 704 1
702 705 1
703 706 1
703 707 1
704 705 1
704 708 1
705 708 1
706 709 1
706 710 1
707 711 1
707 712 1
707 713 1
709 4145 1
709 4146 1
712 713 1
714 751 1
715 757 1
715 758 1
716 718 1
716 719 1
717 719 1
718 2562 1
718 2564 1
719 2586 1
719 2587 1
721 724 1
722 766 1
722 767 1
724 725 1
724 726 1
724 727 1
725 726 1
725 730 1
726 729 1
728 2475 1
728 2476 1
729 2501 1
729 2503 1
729 2504 1
730 2501 1
730 2502 1
731 1313 1
731 1353 1
731 1354 1
732 735 1
732 1787 1
732 3021 1
733 1896 1
733 3001 1
734 1780 1
734 1787 1
737 738 1
737 739 1
737 740 1
738 740 1
738 741 1
738 742 1
739 745 1
740 743 1
740 744 1
741 742 1
741 746 1
741 747 1
742 748 1
743 744 1
743 746 1
743 963 1
744 964 1
744 965 1
746 966 1
747 967 1
747 968 1
749 750 1
750 759 1
752 755 1
752 760 1
752 761 1
753 759 1
753 760 1
753 764 1
754 755 1
754 756 1
755 765 1
758 1007 1
758 1008 1
758 1009 1
759 768 1
760 761 1
761 762 1
761 763 1
762 763 1
762 772 1
763 773 1
763 775 1
764 769 1
764 771 1
766 2474 1
766 2484 1
768 769 1
768 770 1
769 777 1
770 778 1
770 779 1
772 773 1
772 774 1
773 775 1
773 776 1
775 776 1
775 780 1
776 781 1
776 782 1
777 852 1
777 853 1
778 802 1
779 998 1
780 783 1
780 784 1
782 786 1
782 793 1
783 866 1
783 1185 1
785 786 1
785 787 1
785 788 1
786 789 1
788 790 1
788 791 1
788 792 1
790 794 1
790 795 1
790 796 1
791 797 1
791 798 1
792 799 1
792 800 1
794 795 1
794 1028 1
795 1028 1
795 1030 1
797 1189 1
798 1198 1
798 1199 1
798 1200 1
801 803 1
801 804 1
802 805 1
802 806 1
807 808 1
807 809 1
807 810 1
809 813 1
809 814 1
810 811 1
810 812 1
813 815 1
813 816 1
814 816 1
814 818 1
814 819 1
816 817 1
819 1892 1
820 821 1
820 822 1
821 824 1
821 825 1
821 826 1
824 2300 1
826 2325 1
827 828 1
827 829 1
827 830 1
828 831 1
828 832 1
829 833 1
829 834 1
829 835 1
830 833 1
830 836 1
831 837 1
831 838 1
832 839 1
832 840 1
833 834 1
834 835 1
836 838 1
841 842 1
841 843 1
841 844 1
842 845 1
842 846 1
843 847 1
843 848 1
845 849 1
845 850 1
846 848 1
846 851 1
847 848 1
847 894 1
849 889 1
849 973 1
849 974 1
850 851 1
851 1163 1
852 854 1
852 855 1
853 856 1
853 857 1
853 858 1
854 859 1
854 860 1
854 861 1
855 856 1
855 862 1
856 863 1
857 858 1
857 864 1
857 865 1
858 866 1
858 867 1
859 860 1
859 862 1
860 862 1
864 1174 1
864 1177 1
864 1178 1
865 1180 1
865 1181 1
866 1182 1
866 1183 1
867 1180 1
867 1184 1
868 869 1
868 870 1
868 871 1
869 872 1
869 873 1
871 874 1
871 875 1
871 876 1
874 883 1
874 886 1
874 887 1
875 876 1
875 1173 1
875 1174 1
876 887 1
876 890 1
877 878 1
877 879 1
877 880 1
879 881 1
879 882 1
881 882 1
882 885 1
883 884 1
883 885 1
885 888 1
886 887 1
886 888 1
886 889 1
887 890 1
888 1169 1
888 1172 1
889 975 1
889 976 1
890 1176 1
891 892 1
891 893 1
892 894 1
893 895 1
893 896 1
894 897 1
894 898 1
895 908 1
896 909 1
896 910 1
896 911 1
897 1159 1
897 1160 1
898 1161 1
898 1162 1
899 900 1
899 901 1
899 902 1
899 903 1
900 902 1
900 904 1
901 904 1
901 905 1
902 903 1
903 906 1
904 907 1
905 2852 1
905 2853 1
908 910 1
908 961 1
908 962 1
909 1151 1
909 1155 1
910 1155 1
910 1166 1
911 1167 1
911 1168 1
912 913 1
912 914 1
912 915 1
913 916 1
913 917 1
913 918 1
914 919 1
914 920 1
914 921 1
915 916 1
915 922 1
915 923 1
916 924 1
916 925 1
917 926 1
917 927 1
917 928 1
918 919 1
918 926 1
919 926 1
920 969 1
920 970 1
920 971 1
921 971 1
921 972 1
924 925 1
924 982 1
924 983 1
925 984 1
925 985 1
927 969 1
927 1010 1
927 1011 1
928 1012 1
928 1013 1
929 930 1
929 931 1
929 932 1
929 933 1
931 932 1
931 934 1
931 935 1
932 936 1
932 937 1
933 938 1
933 939 1
934 1539 1
935 1535 1
935 1543 1
936 1559 1
937 1559 1
937 1560 1
938 1559 1
938 1567 1
939 1600 1
939 1601 1
940 941 1
941 942 1
941 943 1
941 944 1
942 945 1
942 946 1
942 947 1
943 946 1
943 948 1
943 949 1
945 959 1
945 1075 1
945 1076 1
946 1082 1
946 1085 1
947 1086 1
947 1087 1
948 1090 1
948 1091 1
949 1091 1
949 1092 1
949 1093 1
950 951 1
951 952 1
951 953 1
951 954 1
952 955 1
952 956 1
952 957 1
953 954 1
953 958 1
953 959 1
954 960 1
955 994 1
955 1046 1
956 1040 1
956 1049 1
956 1052 1
957 1046 1
957 1066 1
957 1067 1
958 1049 1
958 1069 1
959 1070 1
959 1071 1
962 979 1
962 1159 1
963 1201 1
963 1202 1
964 965 1
964 1028 1
964 1031 1
965 1029 1
965 1033 1
969 1014 1
973 977 1
973 978 1
973 979 1
974 976 1
974 980 1
974 981 1
975 1169 1
975 1170 1
976 981 1
978 1171 1
979 1163 1
984 985 1
984 1018 1
984 1021 1
985 1022 1
986 987 1
986 988 1
987 989 1
987 990 1
987 991 1
988 989 1
989 992 1
989 993 1
990 994 1
990 995 1
990 996 1
991 996 1
991 997 1
992 1035 1
993 1036 1
993 1037 1
994 1040 1
994 1041 1
994 1042 1
995 1035 1
995 1043 1
996 1041 1
996 1044 1
997 1037 1
998 999 1
1000 1001 1
1000 1002 1
1000 1003 1
1003 1004 1
1003 1005 1
1003 1006 1
1004 1006 1
1004 3972 1
1005 3961 1
1005 3962 1
1006 2440 1
1010 1011 1
1010 1015 1
1011 1016 1
1011 1017 1
1012 1034 1
1013 1015 1
1015 1034 1
1016 1017 1
1017 1019 1
1018 1019 1
1018 1020 1
1018 1021 1
1019 1022 1
1020 1023 1
1020 1024 1
1020 1025 1
1021 1026 1
1021 1027 1
1022 1034 1
1024 1025 1
1028 1029 1
1029 1032 1
1029 1033 1
1030 1195 1
1030 1196 1
1032 1195 1
1033 1201 1
1035 1038 1
1035 1039 1
1036 1039 1
1038 1039 1
1040 1045 1
1041 1047 1
1042 1046 1
1042 1047 1
1042 1048 1
1045 1049 1
1045 1050 1
1045 1051 1
1046 1048 1
1048 1067 1
1049 1068 1
1053 1054 1
1053 1055 1
1053 1056 1
1054 1057 1
1054 1058 1
1055 1061 1
1055 1062 1
1056 1059 1
1056 1060 1
1057 1063 1
1057 1064 1
1058 1059 1
1058 1065 1
1059 2449 1
1059 2450 1
1063 1065 1
1063 3461 1
1064 3463 1
1064 3464 1
1064 3465 1
1065 3462 1
1068 1072 1
1069 1072 1
1069 1073 1
1069 1074 1
1070 1077 1
1070 1078 1
1071 1076 1
1071 1079 1
1075 1080 1
1075 1081 1
1075 1082 1
1076 1083 1
1076 1084 1
1082 1089 1
1085 1088 1
1085 1089 1
1088 1101 1
1090 1094 1
1090 1095 1
1090 1096 1
1091 1097 1
1091 1098 1
1092 1093 1
1093 1097 1
1094 1096 1
1094 1099 1
1094 1100 1
1095 1101 1
1095 1102 1
1096 1098 1
1096 1103 1
1099 1104 1
1099 1105 1
1100 1102 1
1100 1106 1
1100 1107 1
1102 1106 1
1103 1105 1
1104 1108 1
1104 1117 1
1105 1120 1
1106 1116 1
1106 1197 1
1107 1117 1
1108 1109 1
1108 1110 1
1108 1111 1
1109 1112 1
1109 1113 1
1109 1114 1
1110 1115 1
1110 1116 1
1111 1118 1
1111 1119 1
1111 1120 1
1112 1121 1
1112 1122 1
1113 1122 1
1113 1123 1
1113 1124 1
1114 1118 1
1114 1125 1
1114 1126 1
1116 1117 1
1116 1197 1
1121 1127 1
1121 1128 1
1121 1129 1
1122 1127 1
1122 1137 1
1123 1137 1
1125 1129 1
1127 1130 1
1127 1131 1
1128 1132 1
1128 1133 1
1128 1134 1
1129 1134 1
1130 1135 1
1130 1136 1
1131 1133 1
1131 1138 1
1132 1139 1
1132 1140 1
1132 1141 1
1133 1140 1
1134 1141 1
1135 1138 1
1136 1137 1
1139 1142 1
1139 1143 1
1139 1144 1
1140 1145 1
1140 1146 1
1141 1144 1
1142 1147 1
1143 1145 1
1143 1148 1
1143 1149 1
1144 1150 1
1147 1151 1
1147 1152 1
1147 1153 1
1148 1157 1
1150 1153 1
1151 1153 1
1151 1154 1
1152 1157 1
1152 1158 1
1153 1156 1
1156 1168 1
1159 1165 1
1160 1163 1
1160 1164 1
1163 1164 1
1169 1171 1
1171 1172 1
1174 1175 1
1174 1176 1
1176 1178 1
1178 1179 1
1180 1183 1
1182 1186 1
1182 1187 1
1182 1188 1
1183 1188 1
1187 1189 1
1187 1190 1
1188 1191 1
1190 1192 1
1190 1193 1
1190 1194 1
1192 1193 1
1198 1199 1
1203 1204 1
1203 1205 1
1203 1206 1
1203 1207 1
1204 1208 1
1204 1209 1
1204 1210 1
1205 1209 1
1205 1211 1
1205 1212 1
1206 1208 1
1206 1213 1
1206 1214 1
1207 1214 1
1207 1215 1
1208 1216 1
1208 1217 1
1209 1218 1
1210 1218 1
1210 1219 1
1210 1220 1
1211 1214 1
1211 1224 1
1211 1225 1
1212 1221 1
1212 1222 1
1212 1223 1
1213 1216 1
1213 1226 1
1214 1228 1
1216 1217 1
1216 1227 1
1217 1231 1
1217 1232 1
1218 1222 1
1219 1220 1
1219 1370 1
1221 1223 1
1221 1366 1
1222 1367 1
1223 1236 1
1223 1242 1
1224 1225 1
1224 1256 1
1224 1286 1
1225 1228 1
1225 1229 1
1226 1228 1
1226 1229 1
1227 1230 1
1229 1233 1
1229 1234 1
1230 1247 1
1230 1252 1
1231 1276 1
1233 1234 1
1233 1245 1
1233 1246 1
1234 1247 1
1235 1236 1
1235 1237 1
1235 1238 1
1236 1239 1
1238 1240 1
1238 1241 1
1239 1243 1
1239 1244 1
1240 1243 1
1240 1253 1
1241 1254 1
1242 1563 1
1242 1595 1
1242 1596 1
1243 1255 1
1244 1610 1
1245 1248 1
1245 1249 1
1246 1250 1
1246 1251 1
1247 1252 1
1248 1262 1
1248 1263 1
1248 1264 1
1251 1349 1
1251 2984 1
1252 1277 1
1252 1345 1
1254 1256 1
1254 1257 1
1255 1260 1
1255 1595 1
1256 1258 1
1257 1259 1
1257 1260 1
1257 1261 1
1258 1286 1
1258 1287 1
1260 1357 1
1261 1357 1
1261 1358 1
1261 1359 1
1262 1263 1
1262 1265 1
1262 1266 1
1263 1267 1
1263 1269 1
1264 1267 1
1264 1268 1
1267 1268 1
1267 1269 1
1268 1293 1
1268 1294 1
1269 1290 1
1270 1272 1
1270 1318 1
1271 1360 1
1272 1321 1
1273 1328 1
1275 1302 1
1275 1346 1
1277 1347 1
1278 1279 1
1278 1280 1
1278 1281 1
1279 1280 1
1279 1282 1
1280 1285 1
1281 1283 1
1281 1284 1
1282 1283 1
1282 1284 1
1283 1284 1
1285 2707 1
1285 2708 1
1286 1288 1
1286 1289 1
1287 1289 1
1287 1315 1
1289 1316 1
1289 1317 1
1290 1291 1
1290 1292 1
1291 1295 1
1291 1297 1
1291 1298 1
1291 1299 1
1293 1298 1
1293 1334 1
1294 1334 1
1294 1336 1
1295 1296 1
1295 1297 1
1296 1300 1
1296 1301 1
1297 1302 1
1297 1303 1
1298 1299 1
1298 1304 1
1298 1305 1
1299 1301 1
1299 1306 1
1300 1301 1
1300 1307 1
1302 1309 1
1302 1314 1
1303 1309 1
1304 1305 1
1304 1334 1
1305 1337 1
1305 1338 1
1306 1312 1
1306 1337 1
1306 1339 1
1307 1308 1
1307 1312 1
1308 1309 1
1308 1310 1
1309 1311 1
1310 1312 1
1310 1313 1
1312 1333 1
1316 1317 1
1316 2990 1
1317 1358 1
1317 3012 1
1318 1319 1
1318 1320 1
1318 1321 1
1319 1322 1
1319 1323 1
1319 1324 1
1320 1325 1
1320 1326 1
1321 1327 1
1321 1328 1
1322 1329 1
1323 1331 1
1324 1330 1
1324 1331 1
1324 1332 1
1325 1329 1
1325 1355 1
1327 1927 1
1327 1928 1
1327 1929 1
1328 1929 1
1328 1930 1
1328 1931 1
1330 1927 1
1330 4050 1
1331 1332 1
1332 4051 1
1332 4052 1
1333 1339 1
1333 1340 1
1334 1335 1
1335 1336 1
1335 1350 1
1336 1348 1
1336 1349 1
1337 1343 1
1338 1351 1
1338 1352 1
1339 1343 1
1339 1344 1
1340 1341 1
1340 1342 1
1341 1342 1
1341 1354 1
1342 1344 1
1342 1364 1
1343 1344 1
1343 1351 1
1344 1364 1
1345 1346 1
1346 1347 1
1349 1361 1
1349 1362 1
1350 1361 1
1350 2983 1
1351 1363 1
1352 2988 1
1352 2989 1
1354 1356 1
1357 1725 1
1358 3784 1
1359 3012 1
1359 3785 1
1361 2987 1
1362 2984 1
1362 2986 1
1363 1364 1
1363 1365 1
1364 1896 1
1365 1896 1
1365 2995 1
1366 1367 1
1366 1368 1
1367 1369 1
1367 1370 1
1368 1369 1
1368 1375 1
1369 1373 1
1369 1561 1
1370 1562 1
1371 1372 1
1371 1373 1
1372 1374 1
1372 1375 1
1373 1375 1
1373 1376 1
1374 1377 1
1374 1378 1
1374 1379 1
1376 1561 1
1376 1562 1
1377 1378 1
1377 1563 1
1377 1564 1
1378 1379 1
1378 1565 1
1379 1570 1
1380 1381 1
1380 1382 1
1380 1383 1
1381 1384 1
1382 1385 1
1382 1386 1
1383 1387 1
1384 1388 1
1384 1389 1
1384 1390 1
1385 1403 1
1386 1387 1
1386 1393 1
1386 1397 1
1387 1391 1
1387 1394 1
1388 1394 1
1389 1695 1
1389 1696 1
1390 1697 1
1390 1698 1
1390 1699 1
1391 1392 1
1391 1393 1
1392 1394 1
1392 1395 1
1392 1396 1
1393 1397 1
1393 1398 1
1394 1399 1
1395 1396 1
1395 1400 1
1396 1401 1
1396 1402 1
1397 1403 1
1397 1404 1
1398 1405 1
1398 1406 1
1400 1407 1
1400 1411 1
1400 1412 1
1401 1696 1
1403 1808 1
1404 1808 1
1404 1942 1
1405 1424 1
1405 1429 1
1406 1942 1
1406 1953 1
1407 1408 1
1407 1409 1
1407 1410 1
1408 1413 1
1408 1414 1
1408 1415 1
1409 1411 1
1409 1415 1
1409 1416 1
1410 1417 1
1411 1416 1
1412 1418 1
1412 1419 1
1413 1422 1
1413 1425 1
1414 1426 1
1414 1427 1
1415 1427 1
1415 1428 1
1416 1437 1
1416 1448 1
1417 1424 1
1418 1419 1
1419 1924 1
1420 1421 1
1420 1422 1
1421 1423 1
1422 1423 1
1423 1424 1
1425 1430 1
1425 1431 1
1426 1461 1
1426 1463 1
1427 1464 1
1427 1467 1
1428 1447 1
1428 1834 1
1429 1451 1
1429 1456 1
1430 1449 1
1430 1450 1
1430 1451 1
1431 1449 1
1431 1452 1
1432 1433 1
1432 1434 1
1432 1435 1
1432 1436 1
1433 1437 1
1433 1438 1
1433 1439 1
1434 1440 1
1434 1441 1
1435 1442 1
1435 1443 1
1435 1444 1
1436 1438 1
1436 1445 1
1436 1446 1
1437 1439 1
1437 1447 1
1439 1446 1
1439 1448 1
1440 1457 1
1440 1458 1
1441 1459 1
1441 1460 1
1442 1465 1
1442 1470 1
1442 1473 1
1443 1447 1
1444 1464 1
1444 1465 1
1445 1459 1
1446 1488 1
1448 1924 1
1449 1453 1
1449 1454 1
1450 1451 1
1450 1454 1
1450 1455 1
1451 1456 1
1452 1461 1
1452 1462 1
1453 1475 1
1453 1495 1
1453 1503 1
1454 1504 1
1455 1974 1
1455 1990 1
1456 1954 1
1456 1957 1
1457 1468 1
1457 1469 1
1458 1470 1
1458 1471 1
1459 1480 1
1459 1481 1
1459 1482 1
1460 1468 1
1460 1483 1
1460 1484 1
1461 1463 1
1461 1465 1
1461 1466 1
1462 1474 1
1462 1475 1
1463 1464 1
1463 1465 1
1466 1472 1
1466 1473 1
1468 1478 1
1469 1478 1
1469 1479 1
1470 1490 1
1471 1501 1
1471 1515 1
1472 1474 1
1472 1476 1
1473 1476 1
1473 1477 1
1474 1475 1
1474 1492 1
1475 1495 1
1476 1493 1
1476 1494 1
1477 1490 1
1477 1512 1
1478 1500 1
1479 1501 1
1479 1502 1
1480 1481 1
1480 1485 1
1481 1486 1
1481 1487 1
1482 1487 1
1482 1488 1
1482 1489 1
1483 1485 1
1483 1497 1
1484 1498 1
1484 1499 1
1485 1516 1
1485 1517 1
1486 1487 1
1486 1521 1
1490 1491 1
1491 1493 1
1491 1513 1
1491 1514 1
1492 1494 1
1492 1495 1
1492 1496 1
1493 1494 1
1493 1523 1
1494 1496 1
1495 1508 1
1496 1508 1
1496 1524 1
1497 1518 1
1497 1519 1
1498 1500 1
1498 1545 1
1498 1611 1
1501 1531 1
1503 1504 1
1503 1505 1
1504 1506 1
1505 1507 1
1505 1508 1
1505 1509 1
1506 1510 1
1506 1511 1
1507 1511 1
1507 1529 1
1508 1509 1
1509 1524 1
1509 1529 1
1510 1990 1
1510 1992 1
1511 1810 1
1511 1811 1
1513 1523 1
1513 1527 1
1514 1515 1
1514 1557 1
1514 1558 1
1515 1532 1
1516 1520 1
1517 1520 1
1517 1521 1
1517 1522 1
1518 1520 1
1518 1537 1
1519 1547 1
1519 1548 1
1522 1538 1
1523 1524 1
1523 1525 1
1524 1526 1
1525 1526 1
1525 1527 1
1525 1528 1
1526 1529 1
1526 1530 1
1527 1556 1
1527 1557 1
1528 1571 1
1528 1572 1
1529 1809 1
1530 1574 1
1530 1809 1
1530 1812 1
1531 1544 1
1531 1545 1
1531 1546 1
1532 1579 1
1532 1580 1
1533 1534 1
1533 1535 1
1533 1536 1
1534 1535 1
1534 1537 1
1534 1538 1
1535 1539 1
1536 1540 1
1536 1541 1
1538 1542 1
1540 1549 1
1540 1550 1
1541 1551 1
1541 1552 1
1544 1576 1
1544 1579 1
1545 1607 1
1546 1588 1
1546 1608 1
1546 1609 1
1547 1550 1
1547 1597 1
1549 1554 1
1549 1555 1
1550 1553 1
1551 1620 1
1553 1598 1
1553 1599 1
1556 1557 1
1556 1583 1
1556 1584 1
1557 1558 1
1558 1580 1
1558 1582 1
1559 1569 1
1560 1926 1
1561 1562 1
1563 1566 1
1564 1565 1
1564 1567 1
1564 1568 1
1565 1569 1
1566 1593 1
1566 1594 1
1567 1568 1
1567 1569 1
1568 1590 1
1568 1591 1
1569 1592 1
1572 1573 1
1572 1574 1
1572 1575 1
1573 1574 1
1573 1639 1
1574 1812 1
1576 1577 1
1576 1578 1
1579 1581 1
1580 1581 1
1580 1582 1
1581 1588 1
1581 1589 1
1582 1588 1
1582 1626 1
1583 1585 1
1583 1586 1
1584 1586 1
1584 1587 1
1585 1613 1
1585 1614 1
1585 1615 1
1586 1616 1
1587 1617 1
1587 1618 1
1588 1626 1
1590 1603 1
1591 1622 1
1591 1651 1
1591 1652 1
1592 1925 1
1592 1926 1
1593 1596 1
1593 1655 1
1593 1656 1
1595 1610 1
1595 1640 1
1596 1643 1
1596 1644 1
1598 1605 1
1598 1624 1
1599 1630 1
1599 1632 1
1600 1605 1
1600 1606 1
1601 1602 1
1601 1603 1
1601 1604 1
1602 1605 1
1602 1622 1
1602 1623 1
1605 1619 1
1607 1609 1
1607 1611 1
1607 1612 1
1608 1626 1
1608 1627 1
1609 1628 1
1609 1630 1
1612 1631 1
1612 1632 1
1613 1634 1
1613 1635 1
1614 1636 1
1614 1637 1
1614 1638 1
1615 1634 1
1615 1639 1
1616 1645 1
1616 1646 1
1617 1618 1
1617 1718 1
1617 1722 1
1618 1720 1
1618 1721 1
1619 1620 1
1619 1621 1
1620 1625 1
1622 1648 1
1623 1630 1
1623 1653 1
1623 1654 1
1627 1628 1
1627 1629 1
1628 1660 1
1628 1661 1
1629 1659 1
1629 1660 1
1630 1647 1
1632 1633 1
1634 1639 1
1634 2080 1
1635 2080 1
1635 2096 1
1636 1702 1
1637 2133 1
1637 2137 1
1637 2142 1
1638 1716 1
1638 2174 1
1638 2196 1
1639 2080 1
1640 1641 1
1640 1642 1
1642 1643 1
1642 1665 1
1643 1690 1
1644 1658 1
1644 1714 1
1645 1702 1
1645 1703 1
1646 1703 1
1647 1653 1
1647 1686 1
1648 1649 1
1648 1650 1
1649 1654 1
1649 1675 1
1650 1652 1
1650 1675 1
1650 1676 1
1651 1652 1
1651 1657 1
1651 1662 1
1652 1673 1
1653 1685 1
1653 1689 1
1654 1675 1
1654 1685 1
1655 1657 1
1655 1658 1
1657 1662 1
1657 1663 1
1658 1663 1
1658 1664 1
1659 1700 1
1659 1701 1
1660 1682 1
1660 1683 1
1661 1677 1
1661 1678 1
1662 1666 1
1662 1667 1
1663 1664 1
1663 1674 1
1664 1711 1
1664 1770 1
1666 1671 1
1666 1672 1
1666 1673 1
1667 1668 1
1667 1669 1
1667 1670 1
1668 1674 1
1668 1773 1
1668 1775 1
1669 1691 1
1669 1775 1
1671 1672 1
1671 1673 1
1671 1676 1
1672 1691 1
1674 1769 1
1674 1774 1
1675 1684 1
1676 1684 1
1676 1691 1
1677 1679 1
1677 1680 1
1677 1681 1
1680 1682 1
1680 1758 1
1681 1688 1
1681 1759 1
1682 1683 1
1683 1709 1
1683 1757 1
1684 1692 1
1684 1693 1
1685 1692 1
1686 1687 1
1686 1688 1
1688 1717 1
1689 1717 1
1689 1727 1
1689 1728 1
1690 1711 1
1690 1712 1
1690 1713 1
1691 1694 1
1692 1723 1
1693 1723 1
1693 1724 1
1694 1776 1
1694 1814 1
1694 1815 1
1699 1808 1
1699 2295 1
1700 1707 1
1700 1708 1
1701 1709 1
1701 1710 1
1702 1704 1
1703 1705 1
1703 1706 1
1704 1715 1
1704 1716 1
1705 1733 1
1705 1734 1
1706 1737 1
1707 1710 1
1707 1718 1
1707 1719 1
1709 1741 1
1710 1742 1
1711 1714 1
1711 1770 1
1713 1772 1
1713 1820 1
1715 1729 1
1715 1730 1
1715 1731 1
1716 1730 1
1716 1732 1
1717 4096 1
1718 1738 1
1719 1739 1
1719 1743 1
1720 1721 1
1720 1739 1
1721 1734 1
1721 1735 1
1723 1726 1
1724 4099 1
1724 4100 1
1725 3872 1
1725 4129 1
1726 4103 1
1726 4104 1
1727 4126 1
1727 4160 1
1728 1757 1
1728 4096 1
1728 4136 1
1729 1730 1
1729 4130 1
1729 4131 1
1734 1735 1
1734 1736 1
1735 1737 1
1737 1813 1
1739 1740 1
1740 1837 1
1740 4109 1
1742 4097 1
1742 4098 1
1743 1837 1
1744 1760 1
1744 1763 1
1745 1761 1
1745 4044 1
1745 4046 1
1745 4048 1
1746 1747 1
1746 1748 1
1746 1749 1
1747 1750 1
1747 1751 1
1748 1752 1
1748 1753 1
1749 1753 1
1749 1754 1
1750 1752 1
1750 1755 1
1751 1754 1
1751 1756 1
1752 4799 1
1753 4800 1
1755 4926 1
1755 4927 1
1757 1876 1
1759 4096 1
1759 4108 1
1760 1761 1
1761 1764 1
1762 1765 1
1764 4024 1
1765 2291 1
1766 1767 1
1766 1768 1
1766 1769 1
1767 1768 1
1767 1770 1
1768 1772 1
1769 1771 1
1771 1772 1
1771 1882 1
1771 1883 1
1773 1774 1
1774 1776 1
1774 1777 1
1775 1776 1
1776 1816 1
1777 1816 1
1777 1882 1
1778 1779 1
1778 1780 1
1778 1781 1
1778 1782 1
1779 1783 1
1779 1784 1
1780 1787 1
1780 1788 1
1781 1783 1
1781 1785 1
1781 1786 1
1783 1789 1
1784 1790 1
1784 1791 1
1785 3138 1
1785 3146 1
1785 3147 1
1786 3089 1
1786 3137 1
1787 3039 1
1788 3082 1
1788 3131 1
1789 2522 1
1789 2523 1
1790 2524 1
1790 3167 1
1791 3169 1
1791 3173 1
1791 3217 1
1793 1794 1
1793 1795 1
1793 1796 1
1793 1797 1
1794 1798 1
1794 1799 1
1795 1800 1
1795 1801 1
1796 1797 1
1796 1802 1
1796 1803 1
1797 1804 1
1798 1805 1
1798 1806 1
1798 1807 1
1799 1801 1
1799 1807 1
1800 1877 1
1800 1878 1
1800 1879 1
1801 1880 1
1801 1881 1
1802 1804 1
1802 1805 1
1804 1878 1
1807 1881 1
1808 1932 1
1808 1933 1
1809 1884 1
1809 1885 1
1810 1885 1
1810 2056 1
1811 2008 1
1811 2017 1
1811 2026 1
1812 2073 1
1812 2080 1
1812 2081 1
1813 4133 1
1813 4142 1
1813 4158 1
1814 1815 1
1814 1818 1
1814 1819 1
1815 1816 1
1815 1817 1
1816 4106 1
1817 4110 1
1817 4113 1
1817 4114 1
1818 1819 1
1818 4113 1
1819 4099 1
1820 1883 1
1820 4101 1
1820 4102 1
1821 1822 1
1821 1823 1
1821 1824 1
1822 1825 1
1822 1826 1
1823 1827 1
1823 1828 1
1823 1829 1
1824 1827 1
1824 1830 1
1824 1831 1
1825 1832 1
1825 1833 1
1827 3926 1
1827 3937 1
1828 1829 1
1829 3929 1
1830 1832 1
1830 2464 1
1830 2472 1
1837 4156 1
1837 4157 1
1838 1839 1
1838 1840 1
1839 1841 1
1839 1842 1
1839 1843 1
1840 1841 1
1840 1844 1
1840 1845 1
1841 1843 1
1841 1846 1
1841 1847 1
1842 1848 1
1842 1849 1
1843 1848 1
1846 1847 1
1850 1851 1
1850 1852 1
1851 1853 1
1851 1854 1
1852 1855 1
1852 1856 1
1853 1855 1
1853 1857 1
1854 1856 1
1854 1858 1
1854 1859 1
1857 1858 1
1860 1861 1
1860 1862 1
1861 1863 1
1861 1864 1
1862 1865 1
1862 1866 1
1863 1867 1
1863 1868 1
1864 1865 1
1864 1867 1
1866 1868 1
1876 4163 1
1876 4176 1
1876 4180 1
1882 4106 1
1882 4107 1
1883 4105 1
1884 2056 1
1884 2073 1
1884 2074 1
1886 1887 1
1886 1888 1
1886 1889 1
1887 1890 1
1887 1891 1
1888 1892 1
1889 1893 1
1890 1894 1
1891 1893 1
1891 1894 1
1891 1895 1
1895 1909 1
1897 1898 1
1897 1899 1
1897 1900 1
1898 1901 1
1898 1902 1
1898 1903 1
1898 1904 1
1899 1901 1
1899 1905 1
1899 1906 1
1900 1903 1
1900 1906 1
1900 1907 1
1901 1908 1
1902 1909 1
1902 1910 1
1903 1911 1
1903 1912 1
1904 1912 1
1904 1913 1
1905 2862 1
1905 2895 1
1906 2957 1
1906 2958 1
1907 1911 1
1907 2958 1
1908 2900 1
1914 1915 1
1914 1916 1
1915 1917 1
1915 1918 1
1916 1919 1
1917 1920 1
1917 1921 1
1917 1922 1
1918 1923 1
1919 1921 1
1927 4050 1
1927 4067 1
1927 4068 1
1929 4068 1
1930 4069 1
1932 1934 1
1932 1937 1
1933 1940 1
1933 2296 1
1933 2297 1
1934 1935 1
1934 1936 1
1935 1938 1
1935 1939 1
1936 1940 1
1936 1941 1
1938 1943 1
1938 1945 1
1941 1951 1
1942 1950 1
1943 1944 1
1943 1945 1
1943 1946 1
1944 1947 1
1944 1948 1
1944 1949 1
1945 1950 1
1946 1949 1
1946 1951 1
1946 1952 1
1947 1955 1
1947 1958 1
1947 1960 1
1948 1960 1
1948 1966 1
1949 1952 1
1949 1967 1
1950 1953 1
1950 1955 1
1953 1954 1
1954 1955 1
1954 1956 1
1954 1957 1
1955 1958 1
1956 1958 1
1956 1959 1
1956 1965 1
1957 1974 1
1959 1960 1
1959 1961 1
1960 1962 1
1961 1963 1
1961 1964 1
1962 1967 1
1962 1968 1
1962 1969 1
1963 1964 1
1963 1970 1
1964 1971 1
1965 1971 1
1965 1975 1
1965 1976 1
1970 1972 1
1970 1973 1
1971 1977 1
1972 1977 1
1972 1979 1
1973 1980 1
1973 1981 1
1974 1978 1
1975 1978 1
1975 1990 1
1975 1991 1
1976 1977 1
1976 1991 1
1976 1994 1
1977 1982 1
1979 1983 1
1979 1984 1
1980 1981 1
1982 1994 1
1982 1995 1
1983 1985 1
1983 1986 1
1984 1987 1
1984 1988 1
1984 1989 1
1985 1989 1
1985 1996 1
1985 1997 1
1986 1995 1
1986 1998 1
1989 2014 1
1989 2015 1
1991 1992 1
1991 1993 1
1992 2008 1
1993 2008 1
1993 2016 1
1993 2017 1
1994 2016 1
1994 2025 1
1995 2012 1
1996 2009 1
1996 2010 1
1996 2011 1
1997 2010 1
1997 2012 1
1997 2013 1
1999 2005 1
1999 2006 1
2000 2007 1
2001 2537 1
2001 2549 1
2001 2550 1
2002 2536 1
2002 2545 1
2003 2498 1
2003 2499 1
2003 2511 1
2004 2519 1
2004 2526 1
2004 2548 1
2005 2376 1
2005 2496 1
2005 2498 1
2005 2499 1
2006 2007 1
2006 2495 1
2007 2529 1
2007 2530 1
2009 2018 1
2009 2019 1
2009 2020 1
2010 2021 1
2010 2022 1
2011 2023 1
2011 2024 1
2012 2016 1
2013 2022 1
2013 2027 1
2013 2028 1
2016 2027 1
2017 2027 1
2018 2019 1
2018 2029 1
2019 2021 1
2020 2030 1
2020 2031 1
2021 2032 1
2022 2033 1
2022 2034 1
2023 2024 1
2026 2035 1
2026 2037 1
2028 2035 1
2028 2038 1
2029 2031 1
2029 2039 1
2030 2055 1
2031 2054 1
2031 2055 1
2032 2034 1
2032 2040 1
2033 2041 1
2033 2042 1
2034 2046 1
2034 2047 1
2035 2036 1
2038 2041 1
2038 2043 1
2039 2048 1
2039 2049 1
2040 2082 1
2040 2083 1
2041 2043 1
2042 2044 1
2042 2045 1
2043 2070 1
2043 2071 1
2043 2072 1
2044 2071 1
2044 2108 1
2044 2138 1
2046 2083 1
2046 2108 1
2048 2052 1
2048 2053 1
2049 2050 1
2049 2051 1
2050 2084 1
2050 2119 1
2052 2058 1
2052 2059 1
2052 2060 1
2052 2061 1
2056 2057 1
2058 2062 1
2058 2063 1
2059 2064 1
2059 2065 1
2060 2066 1
2060 2067 1
2061 2068 1
2061 2069 1
2062 2075 1
2062 2076 1
2063 2077 1
2063 2078 1
2063 2079 1
2064 2075 1
2064 2085 1
2065 2086 1
2065 2087 1
2065 2088 1
2066 2084 1
2066 2120 1
2067 2122 1
2067 2151 1
2067 2201 1
2069 2079 1
2070 2089 1
2070 2090 1
2070 2091 1
2071 2072 1
2071 2106 1
2072 2091 1
2072 2107 1
2073 2074 1
2074 2081 1
2074 2089 1
2075 2095 1
2076 2093 1
2076 2094 1
2077 2078 1
2078 2094 1
2080 2097 1
2080 2098 1
2081 2091 1
2081 2092 1
2083 2084 1
2085 2093 1
2085 2117 1
2085 2118 1
2086 2117 1
2086 2149 1
2087 2152 1
2089 2090 1
2091 2099 1
2092 2103 1
2092 2158 1
2092 2299 1
2093 2240 1
2093 2242 1
2094 2302 1
2096 2100 1
2096 2101 1
2097 2102 1
2097 2103 1
2097 2104 1
2098 2102 1
2098 2105 1
2099 2157 1
2099 2158 1
2100 2123 1
2100 2124 1
2102 2144 1
2102 2155 1
2103 2175 1
2105 2140 1
2105 2144 1
2105 2145 1
2106 2138 1
2106 2139 1
2107 2139 1
2107 2164 1
2107 2165 1
2108 2120 1
2109 2110 1
2109 2111 1
2109 2112 1
2111 2113 1
2111 2114 1
2112 2115 1
2112 2116 1
2117 2150 1
2117 2151 1
2118 2239 1
2120 2121 1
2120 2122 1
2121 2138 1
2121 2169 1
2122 2170 1
2123 2126 1
2123 2127 1
2124 2125 1
2125 2126 1
2125 2129 1
2125 2130 1
2126 2128 1
2128 2131 1
2128 2132 1
2129 2131 1
2129 2133 1
2130 2134 1
2130 2135 1
2131 2136 1
2133 2136 1
2136 2137 1
2137 2140 1
2137 2141 1
2138 2168 1
2139 2164 1
2140 2143 1
2141 2142 1
2141 2153 1
2142 2156 1
2143 2145 1
2143 2146 1
2144 2147 1
2145 2147 1
2145 2148 1
2146 2153 1
2147 2154 1
2148 2155 1
2148 2179 1
2148 2186 1
2150 2188 1
2150 2189 1
2151 2192 1
2153 2162 1
2155 2175 1
2155 2177 1
2156 2162 1
2157 2158 1
2157 2160 1
2157 2161 1
2158 2159 1
2159 2160 1
2159 2175 1
2160 2161 1
2160 2176 1
2161 2197 1
2162 2163 1
2163 2173 1
2163 2174 1
2164 2165 1
2164 2166 1
2165 2167 1
2166 2198 1
2166 2199 1
2166 2200 1
2167 2197 1
2167 2198 1
2167 2204 1
2168 2170 1
2168 2171 1
2168 2172 1
2169 2170 1
2169 2193 1
2170 2262 1
2171 2316 1
2171 2319 1
2172 2283 1
2172 2317 1
2172 2318 1
2173 2178 1
2173 2183 1
2174 2178 1
2174 2184 1
2175 2176 1
2176 2177 1
2177 2186 1
2177 2205 1
2178 2179 1
2178 2180 1
2179 2181 1
2179 2182 1
2180 2184 1
2180 2185 1
2181 2185 1
2181 2186 1
2181 2187 1
2184 2194 1
2184 2195 1
2185 2203 1
2186 2205 1
2187 2206 1
2187 2212 1
2187 2221 1
2189 2190 1
2189 2191 1
2191 2219 1
2191 2220 1
2192 2229 1
2194 2202 1
2194 2203 1
2195 2202 1
2196 2326 1
2196 2327 1
2197 2204 1
2198 2199 1
2198 2207 1
2199 2216 1
2199 2218 1
2200 2216 1
2200 2217 1
2201 2228 1
2201 2229 1
2202 2209 1
2203 2209 1
2203 2210 1
2204 2205 1
2205 2206 1
2206 2207 1
2206 2208 1
2207 2218 1
2208 2218 1
2208 2221 1
2208 2224 1
2209 2210 1
2209 2211 1
2210 2212 1
2211 2213 1
2211 2214 1
2212 2215 1
2213 2326 1
2213 2327 1
2214 2329 1
2214 2330 1
2215 2222 1
2216 2218 1
2216 2224 1
2217 2226 1
2217 2227 1
2220 2239 1
2221 2222 1
2221 2223 1
2222 2223 1
2222 2225 1
2223 2233 1
2223 2234 1
2224 2226 1
2225 2235 1
2225 2236 1
2226 2227 1
2226 2238 1
2227 2237 1
2228 2231 1
2228 2232 1
2229 2230 1
2232 2262 1
2232 2263 1
2233 2238 1
2234 2293 1
2234 2294 1
2235 4214 1
2235 4232 1
2235 4237 1
2236 4237 1
2237 2238 1
2237 2260 1
2237 2261 1
2239 2240 1
2239 2241 1
2240 2300 1
2240 2301 1
2241 2300 1
2241 2323 1
2241 2324 1
2242 2302 1
2242 2303 1
2242 2304 1
2243 2244 1
2243 2245 1
2243 2246 1
2243 2247 1
2244 2248 1
2244 2249 1
2244 2250 1
2245 2246 1
2245 2251 1
2245 2252 1
2246 2247 1
2246 2251 1
2247 2251 1
2247 2253 1
2248 2254 1
2248 2255 1
2248 2256 1
2249 2255 1
2249 2257 1
2249 2258 1
2250 2256 1
2250 2259 1
2252 2259 1
2254 2709 1
2254 2711 1
2256 2711 1
2260 2261 1
2260 2281 1
2261 2284 1
2261 2293 1
2262 2316 1
2264 2265 1
2264 2266 1
2264 2267 1
2265 2268 1
2265 2269 1
2265 2270 1
2266 2268 1
2266 2271 1
2267 2272 1
2267 2273 1
2267 2274 1
2268 2275 1
2268 2276 1
2269 2274 1
2269 2277 1
2270 2278 1
2270 2279 1
2271 2272 1
2271 2280 1
2275 2280 1
2276 2278 1
2281 2282 1
2281 2283 1
2283 2284 1
2284 2293 1
2284 2318 1
2285 2286 1
2285 2287 1
2285 2288 1
2287 2289 1
2287 2290 1
2288 2291 1
2288 2292 1
2290 2292 1
2290 2298 1
2292 2298 1
2293 2294 1
2300 2320 1
2301 2321 1
2301 2322 1
2303 2321 1
2305 2306 1
2305 2307 1
2305 2308 1
2306 2307 1
2306 2309 1
2307 2310 1
2308 2311 1
2308 2312 1
2309 2313 1
2309 2314 1
2309 2315 1
2310 2315 1
2313 2314 1
2317 2318 1
2320 2322 1
2320 2325 1
2327 2328 1
2328 2329 1
2328 2402 1
2331 2332 1
2331 2333 1
2331 2334 1
2332 2335 1
2332 2336 1
2333 2337 1
2333 2338 1
2333 2339 1
2334 2340 1
2334 2341 1
2334 2342 1
2335 2343 1
2335 2344 1
2335 2345 1
2335 2346 1
2336 2339 1
2336 2347 1
2337 2362 1
2337 2363 1
2337 2364 1
2338 2365 1
2338 2366 1
2339 2366 1
2339 2367 1
2340 2362 1
2348 2349 1
2348 2350 1
2348 2351 1
2348 2352 1
2349 2352 1
2349 2353 1
2349 2354 1
2350 2352 1
2350 2353 1
2350 2358 1
2351 2355 1
2351 2356 1
2351 2357 1
2352 2353 1
2353 2359 1
2354 2357 1
2354 2360 1
2354 2361 1
2358 2403 1
2358 2410 1
2359 2360 1
2359 2403 1
2359 2404 1
2360 2407 1
2360 2408 1
2361 2408 1
2362 2363 1
2362 2370 1
2363 2368 1
2363 2369 1
2364 2371 1
2364 2372 1
2364 2373 1
2365 2377 1
2365 2378 1
2365 2379 1
2366 2380 1
2367 2385 1
2368 2371 1
2373 2378 1
2374 2481 1
2374 2482 1
2375 2482 1
2375 2486 1
2375 2488 1
2376 2496 1
2377 2382 1
2377 2383 1
2378 2381 1
2379 2380 1
2379 2384 1
2379 2385 1
2386 2387 1
2386 2388 1
2386 2389 1
2387 2390 1
2387 2391 1
2388 2392 1
2388 2393 1
2389 2393 1
2389 2394 1
2390 2392 1
2390 2395 1
2390 2396 1
2391 2396 1
2391 2397 1
2392 2398 1
2392 2399 1
2393 2400 1
2393 2401 1
2394 2397 1
2398 2401 1
2402 4214 1
2403 2405 1
2403 2406 1
2404 2405 1
2404 2407 1
2404 2409 1
2411 2412 1
2411 2413 1
2411 2414 1
2411 2415 1
2413 2416 1
2413 2417 1
2415 2418 1
2415 2419 1
2415 2420 1
2421 2422 1
2422 2730 1
2423 2793 1
2423 2794 1
2424 2660 1
2424 2754 1
2425 2426 1
2425 2427 1
2425 2428 1
2426 2429 1
2426 2430 1
2427 2431 1
2427 2432 1
2427 2433 1
2428 2434 1
2428 2435 1
2429 2436 1
2429 2437 1
2430 2438 1
2430 2439 1
2430 2440 1
2431 2432 1
2431 2436 1
2432 2434 1
2434 3854 1
2435 3877 1
2435 3878 1
2435 3879 1
2436 3295 1
2437 3298 1
2437 3299 1
2439 2440 1
2439 3962 1
2441 2442 1
2441 2443 1
2442 2444 1
2443 2445 1
2443 2446 1
2444 2447 1
2444 2448 1
2447 2977 1
2447 2978 1
2448 2976 1
2449 2451 1
2449 2452 1
2450 2453 1
2450 2454 1
2453 3462 1
2453 3651 1
2455 2456 1
2455 2457 1
2455 2458 1
2455 2459 1
2456 2460 1
2456 2461 1
2457 2459 1
2457 2462 1
2457 2463 1
2458 2460 1
2458 2466 1
2459 2464 1
2459 2465 1
2460 2468 1
2460 2469 1
2461 2462 1
2461 2467 1
2462 2470 1
2462 2471 1
2463 2470 1
2463 2472 1
2463 2473 1
2464 2465 1
2464 2472 1
2465 2478 1
2466 2477 1
2466 2478 1
2467 2471 1
2467 2479 1
2468 2479 1
2468 2480 1
2474 2483 1
2476 2504 1
2481 2482 1
2481 2486 1
2482 2489 1
2482 2490 1
2486 2487 1
2489 2495 1
2489 2496 1
2491 2492 1
2491 2493 1
2492 2494 1
2493 2497 1
2494 2497 1
2495 2496 1
2497 2960 1
2498 2499 1
2499 2500 1
2500 2513 1
2500 2517 1
2501 2502 1
2502 2505 1
2502 2506 1
2503 2505 1
2503 2507 1
2503 2508 1
2504 2509 1
2504 2510 1
2505 2574 1
2506 2574 1
2506 2864 1
2507 2571 1
2507 2572 1
2507 2582 1
2508 2863 1
2510 2863 1
2511 2512 1
2511 2513 1
2513 2514 1
2514 2515 1
2514 2516 1
2515 2518 1
2515 2519 1
2516 2520 1
2516 2521 1
2518 2520 1
2518 2524 1
2519 2525 1
2519 2526 1
2520 2527 1
2522 3146 1
2522 3170 1
2524 2528 1
2526 2560 1
2527 3165 1
2527 3166 1
2528 3168 1
2528 3169 1
2529 2531 1
2529 2532 1
2530 2532 1
2530 2533 1
2530 2534 1
2532 2613 1
2533 2561 1
2533 2610 1
2533 2613 1
2534 2561 1
2535 2536 1
2535 2537 1
2535 2538 1
2535 2539 1
2536 2537 1
2537 2540 1
2537 2541 1
2538 2541 1
2538 2542 1
2539 2543 1
2539 2544 1
2540 2546 1
2540 2547 1
2541 2547 1
2541 2548 1
2542 2543 1
2542 2555 1
2543 2544 1
2544 2545 1
2546 2552 1
2546 2553 1
2547 2553 1
2548 2556 1
2549 2551 1
2549 2554 1
2551 2552 1
2551 2553 1
2556 2557 1
2556 2558 1
2556 2559 1
2557 2562 1
2557 2563 1
2558 2563 1
2558 2566 1
2558 2567 1
2560 2866 1
2560 2868 1
2561 2614 1
2561 2625 1
2562 2564 1
2563 2565 1
2564 2565 1
2564 2568 1
2565 2569 1
2566 2567 1
2566 2595 1
2566 2866 1
2567 2867 1
2569 2586 1
2569 2589 1
2570 2571 1
2570 2572 1
2570 2573 1
2571 2574 1
2571 2575 1
2572 2576 1
2572 2577 1
2573 2578 1
2573 2579 1
2574 2580 1
2575 2580 1
2575 2581 1
2576 2579 1
2576 2583 1
2576 2584 1
2577 2582 1
2577 2585 1
2578 2581 1
2579 2602 1
2579 2603 1
2580 2865 1
2581 2604 1
2582 2869 1
2582 2870 1
2583 2584 1
2583 2685 1
2583 2944 1
2584 2585 1
2584 2945 1
2585 2870 1
2585 2945 1
2586 2590 1
2586 2591 1
2587 2592 1
2587 2593 1
2589 2594 1
2589 2595 1
2589 2596 1
2590 2605 1
2590 2606 1
2592 2620 1
2594 2597 1
2594 2598 1
2595 2599 1
2596 2600 1
2596 2601 1
2597 2866 1
2597 2959 1
2597 3216 1
2600 2641 1
2600 2872 1
2602 2603 1
2602 2654 1
2603 2607 1
2603 2612 1
2604 2611 1
2604 2865 1
2605 2616 1
2605 2617 1
2606 2618 1
2606 2619 1
2607 2608 1
2607 2609 1
2608 2610 1
2608 2611 1
2608 2612 1
2609 2611 1
2610 2612 1
2610 2613 1
2612 2614 1
2612 2615 1
2614 2669 1
2614 2671 1
2615 2680 1
2616 2620 1
2616 2621 1
2617 2622 1
2617 2623 1
2618 2626 1
2618 2627 1
2618 2628 1
2619 2629 1
2620 2624 1
2621 2624 1
2621 2625 1
2622 2628 1
2622 2667 1
2622 2669 1
2623 2625 1
2623 2669 1
2623 2927 1
2625 2926 1
2626 2643 1
2626 2646 1
2626 2647 1
2627 2629 1
2627 2643 1
2628 2646 1
2628 2649 1
2629 2634 1
2629 2642 1
2630 2631 1
2630 2632 1
2630 2633 1
2631 2634 1
2631 2635 1
2631 2636 1
2633 2637 1
2633 2638 1
2634 2641 1
2635 2639 1
2635 2640 1
2637 2642 1
2637 2644 1
2639 2641 1
2639 2875 1
2641 2871 1
2642 2643 1
2643 2645 1
2644 2652 1
2644 2653 1
2645 2646 1
2645 2650 1
2645 2651 1
2646 2648 1
2648 2724 1
2648 2731 1
2649 2661 1
2649 2662 1
2649 2928 1
2650 2652 1
2650 2690 1
2650 2691 1
2652 2690 1
2653 2694 1
2653 2695 1
2654 2655 1
2654 2656 1
2654 2657 1
2655 2674 1
2655 2675 1
2656 2675 1
2656 2680 1
2658 2659 1
2658 2660 1
2658 2661 1
2658 2662 1
2659 2663 1
2659 2664 1
2659 2665 1
2660 2666 1
2661 2668 1
2662 2667 1
2663 2671 1
2663 2672 1
2663 2673 1
2664 2667 1
2664 2669 1
2664 2670 1
2666 2750 1
2666 2751 1
2668 2722 1
2668 2728 1
2668 2729 1
2671 2673 1
2673 2688 1
2673 2689 1
2674 2676 1
2674 2677 1
2675 2678 1
2675 2679 1
2676 2681 1
2676 2682 1
2676 2683 1
2677 2678 1
2677 2681 1
2677 2684 1
2678 2876 1
2679 2704 1
2679 2876 1
2679 2877 1
2681 2683 1
2681 2684 1
2682 2685 1
2682 2686 1
2683 2686 1
2683 2687 1
2684 2876 1
2684 2879 1
2685 2946 1
2686 2949 1
2687 2949 1
2688 2696 1
2688 2701 1
2688 2703 1
2689 2697 1
2689 2700 1
2689 2704 1
2690 2692 1
2690 2693 1
2691 2732 1
2691 2791 1
2691 2792 1
2692 2929 1
2692 2930 1
2692 2931 1
2693 2929 1
2693 2932 1
2696 2697 1
2696 2698 1
2697 2699 1
2697 2700 1
2698 2699 1
2698 2701 1
2698 2702 1
2699 2702 1
2699 2705 1
2700 2706 1
2701 2715 1
2701 2719 1
2702 2862 1
2702 2880 1
2703 2714 1
2703 2715 1
2705 2706 1
2705 2881 1
2705 2882 1
2706 2952 1
2707 2712 1
2707 2713 1
2708 2709 1
2708 2710 1
2708 2711 1
2709 2712 1
2713 2909 1
2714 2716 1
2714 2717 1
2715 2718 1
2716 2758 1
2716 2759 1
2716 2760 1
2717 2761 1
2717 2762 1
2718 2719 1
2718 2762 1
2719 2861 1
2720 2721 1
2720 2722 1
2720 2723 1
2722 2724 1
2723 2725 1
2723 2726 1
2724 2727 1
2725 2752 1
2726 2727 1
2726 2769 1
2727 2769 1
2730 2731 1
2730 2732 1
2731 2733 1
2734 2735 1
2734 2736 1
2734 2737 1
2734 2738 1
2735 2739 1
2735 2740 1
2736 2741 1
2736 2742 1
2736 2743 1
2737 2741 1
2737 2744 1
2738 2745 1
2738 2746 1
2739 2747 1
2740 2748 1
2740 2749 1
2741 4557 1
2742 2743 1
2744 2745 1
2744 4556 1
2744 4557 1
2745 4561 1
2746 2747 1
2750 2752 1
2750 2753 1
2751 2754 1
2751 2755 1
2752 2756 1
2753 2755 1
2753 2757 1
2754 2763 1
2758 2759 1
2758 2764 1
2759 2765 1
2760 2761 1
2760 2768 1
2761 2762 1
2764 2765 1
2764 2766 1
2765 2767 1
2766 2767 1
2766 2773 1
2767 2771 1
2768 2861 1
2768 2883 1
2768 2884 1
2771 2772 1
2773 2774 1
2774 2775 1
2774 2776 1
2774 2777 1
2775 2820 1
2775 2825 1
2776 2821 1
2776 2823 1
2777 2982 1
2779 2780 1
2779 2781 1
2780 2782 1
2780 2783 1
2781 2784 1
2781 2785 1
2782 2786 1
2782 2787 1
2782 2788 1
2783 2789 1
2783 2790 1
2784 3674 1
2784 3675 1
2785 3707 1
2785 3708 1
2786 2887 1
2786 3573 1
2786 3582 1
2787 2809 1
2787 2815 1
2788 3583 1
2788 3595 1
2789 3675 1
2789 3679 1
2790 3680 1
2790 3681 1
2791 2795 1
2791 2796 1
2792 2794 1
2792 2797 1
2792 2798 1
2793 2797 1
2793 2807 1
2795 2799 1
2795 2800 1
2796 2799 1
2796 2805 1
2796 2806 1
2797 2808 1
2798 2806 1
2798 2818 1
2799 2801 1
2799 2802 1
2800 2803 1
2800 2804 1
2801 2809 1
2801 2810 1
2802 2803 1
2802 2816 1
2802 2817 1
2803 2888 1
2804 3832 1
2804 3910 1
2804 3911 1
2805 2812 1
2805 2832 1
2806 2832 1
2808 2818 1
2808 2819 1
2809 2811 1
2810 2811 1
2810 2812 1
2811 2813 1
2811 2814 1
2812 2831 1
2813 3634 1
2813 3635 1
2814 3636 1
2814 3637 1
2816 2886 1
2816 2887 1
2817 2889 1
2817 2890 1
2818 2835 1
2818 2885 1
2820 2821 1
2820 2822 1
2821 2823 1
2821 2824 1
2822 2824 1
2822 2826 1
2822 2827 1
2823 2828 1
2824 2827 1
2826 2829 1
2827 2828 1
2827 2830 1
2828 2963 1
2829 2830 1
2829 2837 1
2830 2837 1
2831 2833 1
2831 2834 1
2832 2835 1
2833 2848 1
2833 2849 1
2834 2850 1
2834 2851 1
2835 2836 1
2836 2851 1
2836 2917 1
2837 2963 1
2838 2839 1
2838 2840 1
2838 2841 1
2838 2842 1
2840 2843 1
2840 2844 1
2841 2845 1
2841 2846 1
2841 2847 1
2843 2846 1
2843 3415 1
2844 3384 1
2844 3430 1
2845 2846 1
2845 2961 1
2846 2962 1
2847 3371 1
2847 3383 1
2848 2854 1
2848 2855 1
2848 2856 1
2849 2857 1
2849 2858 1
2851 2979 1
2852 2911 1
2854 2859 1
2854 2860 1
2857 2912 1
2857 2916 1
2858 3730 1
2858 3731 1
2859 2980 1
2859 2981 1
2861 2862 1
2864 2865 1
2866 2868 1
2868 2959 1
2869 2870 1
2871 2873 1
2871 2874 1
2872 2873 1
2872 3249 1
2873 3221 1
2873 3246 1
2876 2878 1
2877 2878 1
2877 2952 1
2878 2879 1
2878 2954 1
2879 2953 1
2880 2955 1
2880 2956 1
2883 2896 1
2883 2897 1
2884 2894 1
2884 2896 1
2885 2892 1
2886 2889 1
2886 2890 1
2887 3572 1
2887 3573 1
2888 3832 1
2890 2939 1
2890 3571 1
2892 2893 1
2896 2898 1
2896 2899 1
2897 2900 1
2897 2901 1
2902 2903 1
2902 2904 1
2902 2905 1
2903 2906 1
2903 2907 1
2904 2906 1
2904 2908 1
2905 2907 1
2905 2908 1
2906 2909 1
2907 2910 1
2907 2911 1
2908 2909 1
2912 2913 1
2912 2914 1
2912 2915 1
2913 2922 1
2913 2923 1
2914 2917 1
2914 2918 1
2914 2919 1
2915 2920 1
2915 2921 1
2916 2924 1
2916 2925 1
2917 3729 1
2920 2921 1
2921 3923 1
2924 3922 1
2924 3923 1
2929 2933 1
2930 2931 1
2930 2934 1
2930 2935 1
2931 2936 1
2931 2937 1
2934 2938 1
2934 2941 1
2934 2942 1
2935 2938 1
2935 2939 1
2935 2940 1
2937 2942 1
2937 3831 1
2938 2941 1
2939 3571 1
2940 3569 1
2940 3571 1
2941 3553 1
2941 3554 1
2942 3568 1
2944 2945 1
2944 2947 1
2944 2948 1
2946 2949 1
2946 2950 1
2946 2951 1
2948 2951 1
2950 2951 1
2952 2954 1
2953 2954 1
2959 3212 1
2959 3216 1
2962 2965 1
2962 2968 1
2962 2973 1
2964 2965 1
2964 2966 1
2964 2967 1
2965 2968 1
2965 2969 1
2967 2970 1
2967 2971 1
2968 2969 1
2968 2972 1
2969 2974 1
2969 2975 1
2970 3416 1
2970 3433 1
2971 3433 1
2971 3434 1
2971 3444 1
2972 3343 1
2972 3440 1
2972 3441 1
2973 3347 1
2973 3824 1
2974 2975 1
2974 3441 1
2975 3442 1
2975 3477 1
2976 2977 1
2980 3916 1
2980 3921 1
2983 2985 1
2983 2986 1
2984 2990 1
2984 2991 1
2985 2992 1
2985 2993 1
2986 2993 1
2986 2994 1
2988 2989 1
2988 2996 1
2989 2995 1
2990 3012 1
2990 3013 1
2991 3003 1
2991 3011 1
2992 2996 1
2992 2997 1
2993 2998 1
2993 2999 1
2995 3000 1
2996 3016 1
2997 3059 1
2997 3060 1
2998 3059 1
2998 3112 1
2999 3078 1
2999 3786 1
3000 3014 1
3000 3015 1
3002 3003 1
3002 3004 1
3002 3005 1
3003 3006 1
3004 3007 1
3004 3008 1
3005 3009 1
3005 3010 1
3007 3008 1
3007 3048 1
3008 3013 1
3008 3045 1
3010 3038 1
3010 3973 1
3011 3974 1
3011 3975 1
3013 3042 1
3013 3054 1
3014 3019 1
3014 3023 1
3015 3062 1
3015 3063 1
3017 3018 1
3017 3019 1
3017 3020 1
3018 3021 1
3019 3022 1
3020 3023 1
3020 3024 1
3021 3025 1
3022 3026 1
3022 3027 1
3023 3061 1
3024 3025 1
3024 3081 1
3025 3039 1
3025 3087 1
3028 3029 1
3028 3030 1
3028 3031 1
3029 3032 1
3029 3033 1
3030 3032 1
3030 3034 1
3030 3035 1
3031 3036 1
3031 3037 1
3032 3038 1
3034 3880 1
3034 3883 1
3037 3067 1
3037 3075 1
3038 3885 1
3039 3082 1
3040 3041 1
3040 3042 1
3040 3043 1
3040 3044 1
3041 3045 1
3041 3046 1
3042 3047 1
3043 3045 1
3043 3048 1
3043 3049 1
3044 3050 1
3044 3051 1
3047 3052 1
3047 3053 1
3048 3104 1
3049 3050 1
3049 3104 1
3049 3867 1
3050 3965 1
3051 3053 1
3051 3944 1
3052 3054 1
3052 3055 1
3052 3056 1
3054 3057 1
3054 3058 1
3056 3944 1
3058 3785 1
3058 3868 1
3058 3869 1
3059 3083 1
3059 3084 1
3060 3085 1
3060 3086 1
3061 3064 1
3061 3065 1
3064 3065 1
3064 3081 1
3065 3094 1
3066 3067 1
3066 3068 1
3066 3069 1
3067 3070 1
3068 3071 1
3068 3072 1
3069 3073 1
3069 3074 1
3070 3076 1
3070 3077 1
3071 3077 1
3071 3078 1
3072 3079 1
3072 3080 1
3073 3127 1
3073 3129 1
3075 3974 1
3075 3976 1
3076 3974 1
3076 3977 1
3078 3886 1
3078 3887 1
3081 3088 1
3082 3089 1
3082 3090 1
3083 3109 1
3083 3110 1
3085 3119 1
3085 3136 1
3087 3091 1
3087 3092 1
3087 3093 1
3089 3132 1
3091 3163 1
3091 3180 1
3092 3147 1
3092 3182 1
3093 3138 1
3093 3152 1
3094 3119 1
3094 3120 1
3095 3096 1
3095 3097 1
3095 3098 1
3096 3099 1
3096 3100 1
3097 3098 1
3097 3103 1
3097 3104 1
3098 3101 1
3098 3102 1
3099 3105 1
3099 3106 1
3100 3105 1
3100 3107 1
3100 3108 1
3101 3102 1
3101 3117 1
3101 3125 1
3102 3787 1
3102 3788 1
3103 3113 1
3103 3114 1
3105 3107 1
3106 3941 1
3106 3942 1
3106 3943 1
3107 3939 1
3108 3939 1
3108 3953 1
3109 3111 1
3111 3128 1
3111 3129 1
3111 3794 1
3112 3127 1
3112 3128 1
3112 3130 1
3113 3115 1
3114 3116 1
3114 3117 1
3115 3118 1
3116 3121 1
3116 3122 1
3118 3882 1
3119 3133 1
3120 3134 1
3120 3135 1
3121 3123 1
3121 3124 1
3122 3123 1
3122 3125 1
3123 3140 1
3124 3140 1
3124 3141 1
3125 3788 1
3125 3789 1
3126 3127 1
3126 3128 1
3129 3795 1
3132 3138 1
3132 3139 1
3135 3144 1
3135 3145 1
3140 3142 1
3140 3143 1
3142 3174 1
3142 3175 1
3144 3148 1
3144 3149 1
3145 3150 1
3145 3151 1
3146 3171 1
3147 3170 1
3149 3153 1
3149 3154 1
3150 3155 1
3150 3156 1
3151 3157 1
3151 3158 1
3153 3159 1
3153 3160 1
3154 3161 1
3154 3162 1
3155 3163 1
3155 3180 1
3156 3199 1
3156 3200 1
3157 3203 1
3157 3222 1
3160 3163 1
3160 3164 1
3165 3167 1
3168 3169 1
3168 3214 1
3169 3799 1
3170 3172 1
3170 3173 1
3172 3212 1
3172 3215 1
3173 3213 1
3173 3217 1
3174 3176 1
3174 3177 1
3175 3178 1
3175 3179 1
3176 3201 1
3176 3202 1
3178 3187 1
3178 3193 1
3178 3209 1
3180 3181 1
3181 3218 1
3181 3219 1
3182 3215 1
3182 3218 1
3183 3184 1
3183 3185 1
3183 3186 1
3183 3187 1
3184 3188 1
3184 3189 1
3185 3193 1
3185 3194 1
3186 3190 1
3186 3191 1
3187 3188 1
3187 3192 1
3188 3197 1
3188 3198 1
3189 3195 1
3189 3196 1
3190 3191 1
3190 3235 1
3190 3236 1
3191 3233 1
3191 3234 1
3193 3208 1
3195 3197 1
3195 3801 1
3197 3801 1
3197 3806 1
3199 3222 1
3199 3232 1
3200 3232 1
3200 3240 1
3200 3241 1
3201 3206 1
3201 3207 1
3202 3203 1
3202 3204 1
3202 3205 1
3203 3223 1
3204 3224 1
3204 3226 1
3204 3231 1
3205 3819 1
3205 3820 1
3206 3225 1
3206 3226 1
3207 3227 1
3207 3230 1
3208 3209 1
3208 3210 1
3209 3210 1
3209 3211 1
3210 3227 1
3210 3800 1
3212 3213 1
3213 3214 1
3215 3220 1
3215 3221 1
3216 3249 1
3217 3799 1
3218 3220 1
3218 3247 1
3219 3250 1
3219 3251 1
3220 3246 1
3221 3249 1
3222 3224 1
3224 3231 1
3225 3227 1
3225 3228 1
3226 3229 1
3229 3237 1
3229 3239 1
3231 3237 1
3231 3238 1
3232 3238 1
3232 3245 1
3233 3235 1
3233 3263 1
3234 3274 1
3234 3276 1
3234 3277 1
3235 3236 1
3235 3259 1
3236 3260 1
3236 3261 1
3237 3242 1
3238 3257 1
3239 3243 1
3239 3244 1
3240 3245 1
3240 3254 1
3242 3257 1
3242 3270 1
3242 3285 1
3243 3268 1
3245 3255 1
3246 3248 1
3247 3252 1
3247 3253 1
3250 3254 1
3250 3272 1
3250 3273 1
3251 3252 1
3251 3319 1
3252 3322 1
3252 3350 1
3254 3256 1
3255 3257 1
3255 3258 1
3257 3285 1
3258 3272 1
3258 3306 1
3259 3260 1
3259 3262 1
3260 3261 1
3260 3265 1
3261 3264 1
3262 3265 1
3262 3266 1
3263 3274 1
3263 3275 1
3264 3265 1
3264 3268 1
3265 3267 1
3266 3278 1
3266 3279 1
3267 3268 1
3267 3270 1
3267 3271 1
3268 3269 1
3270 3309 1
3270 3310 1
3271 3309 1
3271 3345 1
3271 3346 1
3272 3319 1
3272 3320 1
3274 3280 1
3275 3281 1
3275 3282 1
3277 3804 1
3277 3805 1
3277 3814 1
3278 3311 1
3278 3361 1
3278 3364 1
3279 3311 1
3279 3366 1
3279 3367 1
3280 3283 1
3280 3284 1
3281 3300 1
3281 3303 1
3283 3810 1
3283 3811 1
3284 3810 1
3284 3812 1
3284 3813 1
3285 3307 1
3285 3308 1
3286 3287 1
3286 3288 1
3286 3289 1
3288 3290 1
3288 3291 1
3288 3292 1
3289 3293 1
3289 3294 1
3290 3305 1
3290 3314 1
3290 3315 1
3291 3318 1
3292 3316 1
3292 3317 1
3293 3810 1
3293 3891 1
3293 3892 1
3294 3394 1
3294 4590 1
3295 3296 1
3295 3297 1
3296 3297 1
3297 3902 1
3299 3961 1
3299 3962 1
3300 3301 1
3300 3302 1
3302 3304 1
3302 3305 1
3304 3311 1
3304 3312 1
3305 3313 1
3307 3308 1
3307 3320 1
3307 3371 1
3308 3310 1
3309 3341 1
3310 3347 1
3311 3360 1
3312 3358 1
3312 3359 1
3316 3388 1
3316 3393 1
3316 3394 1
3317 3358 1
3317 3393 1
3317 3397 1
3318 3823 1
3319 3321 1
3320 3322 1
3321 3322 1
3321 3323 1
3322 3348 1
3324 3325 1
3324 3326 1
3324 3327 1
3324 3328 1
3325 3329 1
3325 3330 1
3325 3331 1
3326 3332 1
3326 3333 1
3328 3334 1
3328 3335 1
3329 3336 1
3329 3337 1
3330 3339 1
3330 3340 1
3331 3333 1
3331 3336 1
3331 3338 1
3333 3338 1
3335 3339 1
3335 3357 1
3336 4614 1
3337 3398 1
3337 4613 1
3338 4614 1
3339 3382 1
3340 4613 1
3340 4699 1
3341 3342 1
3341 3343 1
3341 3344 1
3342 3344 1
3342 3346 1
3342 3355 1
3343 3440 1
3343 3441 1
3344 3442 1
3344 3443 1
3345 3353 1
3345 3354 1
3346 3354 1
3347 3824 1
3348 3349 1
3348 3350 1
3349 3351 1
3349 3352 1
3350 3352 1
3351 3370 1
3351 3371 1
3351 3372 1
3352 3368 1
3352 3369 1
3354 3355 1
3354 3356 1
3355 3361 1
3357 3373 1
3357 3374 1
3358 3402 1
3359 3402 1
3359 3406 1
3360 3362 1
3360 3365 1
3361 3362 1
3361 3363 1
3362 3364 1
3365 3406 1
3365 3445 1
3365 3446 1
3368 3385 1
3368 3425 1
3368 3426 1
3369 3427 1
3369 3428 1
3369 3429 1
3370 3371 1
3370 3383 1
3372 3383 1
3372 3385 1
3373 3375 1
3373 3376 1
3374 3377 1
3374 3378 1
3375 3379 1
3376 3380 1
3376 3381 1
3377 3386 1
3377 3387 1
3378 3390 1
3378 3391 1
3379 3380 1
3379 4694 1
3380 4700 1
3380 4710 1
3381 3986 1
3381 4710 1
3382 4692 1
3382 4696 1
3382 4699 1
3383 3384 1
3384 3431 1
3385 3450 1
3385 3454 1
3386 3388 1
3386 3389 1
3387 3389 1
3387 3390 1
3388 3392 1
3389 3396 1
3390 3412 1
3391 3412 1
3391 3414 1
3392 3395 1
3393 3395 1
3393 3397 1
3394 3398 1
3394 3399 1
3395 3400 1
3396 3400 1
3396 3412 1
3397 3404 1
3397 3405 1
3398 4612 1
3399 4593 1
3399 4615 1
3399 4616 1
3400 3401 1
3401 3410 1
3401 3411 1
3402 3403 1
3403 3405 1
3403 3408 1
3403 3409 1
3404 3437 1
3404 4081 1
3405 3409 1
3406 3407 1
3407 3447 1
3407 3448 1
3408 3409 1
3408 4084 1
3409 4084 1
3410 3412 1
3410 3413 1
3411 3418 1
3411 3419 1
3413 3420 1
3414 3421 1
3414 3986 1
3415 3416 1
3415 3417 1
3416 3432 1
3418 3422 1
3419 3423 1
3420 3421 1
3420 3422 1
3421 4735 1
3421 4736 1
3422 3424 1
3423 3435 1
3423 3437 1
3424 3435 1
3425 3455 1
3425 3456 1
3426 3427 1
3426 3457 1
3427 3499 1
3427 3502 1
3428 3501 1
3428 3508 1
3430 3432 1
3430 3433 1
3431 3433 1
3431 3434 1
3432 3439 1
3434 3449 1
3434 3450 1
3435 3436 1
3436 3438 1
3438 4090 1
3438 4740 1
3440 3824 1
3442 3477 1
3443 3469 1
3443 3476 1
3443 3477 1
3444 3449 1
3444 3451 1
3445 3478 1
3445 3480 1
3446 3483 1
3446 3484 1
3446 3485 1
3447 4087 1
3447 4818 1
3448 3484 1
3448 3826 1
3449 3452 1
3450 3453 1
3451 3454 1
3451 3460 1
3454 3458 1
3454 3459 1
3455 3502 1
3455 3515 1
3458 3494 1
3458 3511 1
3458 3514 1
3459 3460 1
3459 3494 1
3460 3466 1
3460 3467 1
3462 3464 1
3464 3652 1
3466 3467 1
3466 3487 1
3466 3490 1
3467 3476 1
3468 3469 1
3468 3470 1
3468 3471 1
3469 3472 1
3470 3471 1
3470 3473 1
3471 3474 1
3471 3475 1
3473 3478 1
3473 3479 1
3474 3486 1
3474 3489 1
3474 3493 1
3475 3495 1
3475 3496 1
3476 3477 1
3476 3489 1
3478 3481 1
3480 3482 1
3480 3483 1
3482 3483 1
3482 3540 1
3484 3825 1
3485 3497 1
3485 3825 1
3486 3487 1
3486 3488 1
3487 3489 1
3487 3490 1
3488 3491 1
3488 3492 1
3490 3491 1
3490 3494 1
3491 3492 1
3491 3513 1
3492 3512 1
3492 3513 1
3492 3519 1
3493 3495 1
3493 3497 1
3493 3498 1
3494 3513 1
3495 3540 1
3497 3540 1
3497 3549 1
3498 3579 1
3498 3591 1
3499 3500 1
3499 3501 1
3500 3503 1
3500 3504 1
3501 3505 1
3501 3506 1
3502 3503 1
3502 3507 1
3503 3520 1
3504 3506 1
3504 3521 1
3505 3510 1
3505 3522 1
3506 3523 1
3506 3524 1
3507 3515 1
3507 3535 1
3507 3536 1
3508 3509 1
3508 3510 1
3510 3517 1
3510 3518 1
3511 3512 1
3511 3513 1
3512 3515 1
3512 3516 1
3515 3525 1
3516 3525 1
3516 3528 1
3517 3526 1
3518 3522 1
3518 3527 1
3519 3529 1
3519 3530 1
3519 3531 1
3520 3533 1
3520 3534 1
3521 3524 1
3521 3537 1
3522 3532 1
3524 3538 1
3524 3539 1
3526 3527 1
3527 3532 1
3527 3543 1
3528 3530 1
3528 3550 1
3529 3530 1
3529 3579 1
3529 3594 1
3532 3541 1
3532 3542 1
3533 3574 1
3533 3619 1
3534 3619 1
3534 3833 1
3534 3834 1
3535 3561 1
3535 3562 1
3536 3562 1
3536 3566 1
3536 3567 1
3537 3538 1
3537 3584 1
3538 3559 1
3538 3587 1
3541 3542 1
3541 3544 1
3542 3545 1
3542 3546 1
3544 3546 1
3544 3547 1
3544 3548 1
3545 3555 1
3545 3558 1
3546 3554 1
3547 3551 1
3547 3552 1
3549 3597 1
3549 3601 1
3550 3566 1
3550 3578 1
3552 3553 1
3554 3569 1
3554 3570 1
3555 3556 1
3555 3557 1
3557 3559 1
3557 3560 1
3559 3560 1
3559 3584 1
3560 3585 1
3561 3563 1
3561 3564 1
3562 3565 1
3563 3574 1
3563 3575 1
3563 3576 1
3564 3565 1
3564 3577 1
3565 3596 1
3566 3581 1
3567 3576 1
3567 3581 1
3567 3626 1
3569 3656 1
3570 3585 1
3570 3656 1
3570 3666 1
3571 3572 1
3572 3573 1
3572 3582 1
3573 3582 1
3574 3617 1
3574 3619 1
3575 3617 1
3575 3620 1
3576 3626 1
3576 3691 1
3578 3579 1
3578 3580 1
3579 3588 1
3580 3589 1
3580 3590 1
3581 3624 1
3581 3625 1
3582 3583 1
3583 3628 1
3583 3629 1
3584 3586 1
3585 3666 1
3588 3589 1
3588 3592 1
3588 3593 1
3589 3592 1
3589 3638 1
3590 3639 1
3590 3640 1
3592 3605 1
3592 3641 1
3593 3605 1
3593 3845 1
3593 3846 1
3597 3598 1
3597 3599 1
3597 3600 1
3598 3602 1
3598 3603 1
3598 3604 1
3599 3605 1
3599 3606 1
3599 3607 1
3600 3608 1
3600 3609 1
3602 3610 1
3602 3611 1
3603 3612 1
3603 3613 1
3603 3614 1
3604 3615 1
3604 3616 1
3606 3607 1
3606 3627 1
3607 3608 1
3609 3701 1
3609 3702 1
3609 3703 1
3611 3827 1
3611 4860 1
3611 4861 1
3612 3861 1
3612 4867 1
3612 4874 1
3613 3860 1
3613 4953 1
3615 3616 1
3615 4953 1
3616 3864 1
3617 3618 1
3618 3621 1
3618 3622 1
3619 3623 1
3621 3692 1
3621 3695 1
3624 3639 1
3624 3653 1
3624 3654 1
3626 3699 1
3627 3858 1
3627 3896 1
3628 3630 1
3628 3631 1
3629 3632 1
3629 3633 1
3630 3655 1
3630 3660 1
3631 3632 1
3631 3661 1
3632 3938 1
3634 3670 1
3635 3914 1
3635 3920 1
3636 3669 1
3636 3672 1
3638 3642 1
3638 3643 1
3638 3644 1
3638 3645 1
3638 3646 1
3638 3647 1
3639 3648 1
3640 3649 1
3640 3650 1
3641 3644 1
3641 3751 1
3641 3844 1
3642 3643 1
3642 3684 1
3643 3724 1
3643 3725 1
3644 3645 1
3644 3748 1
3645 3646 1
3645 3842 1
3646 3843 1
3648 3667 1
3648 3668 1
3649 3650 1
3649 3667 1
3650 3667 1
3650 3685 1
3653 3682 1
3653 3683 1
3654 3682 1
3655 3656 1
3655 3657 1
3655 3658 1
3656 3659 1
3657 3659 1
3657 3664 1
3657 3665 1
3658 3661 1
3658 3662 1
3658 3663 1
3659 3666 1
3661 3709 1
3662 3712 1
3662 3713 1
3663 3710 1
3663 3711 1
3664 3665 1
3664 3696 1
3665 3704 1
3665 3706 1
3666 3696 1
3668 3683 1
3668 3684 1
3669 3670 1
3669 3671 1
3670 3673 1
3670 3674 1
3671 3675 1
3671 3676 1
3672 3677 1
3672 3678 1
3674 3686 1
3674 3687 1
3682 3688 1
3683 3689 1
3684 3705 1
3686 3715 1
3686 3760 1
3686 3764 1
3687 3761 1
3687 3767 1
3690 3691 1
3690 3692 1
3690 3693 1
3691 3694 1
3691 3695 1
3692 3696 1
3692 3697 1
3693 3698 1
3694 3699 1
3694 3700 1
3696 3697 1
3697 3698 1
3697 3704 1
3698 3724 1
3699 3700 1
3699 3705 1
3700 3724 1
3701 3836 1
3701 3860 1
3701 3861 1
3702 3746 1
3702 3752 1
3702 3862 1
3703 3737 1
3703 3738 1
3703 3836 1
3704 3847 1
3704 3848 1
3706 3712 1
3706 3727 1
3706 3728 1
3707 3714 1
3707 3715 1
3708 3718 1
3708 3719 1
3710 3716 1
3710 3720 1
3710 3756 1
3712 3726 1
3714 3716 1
3714 3717 1
3716 3720 1
3716 3721 1
3717 3722 1
3717 3723 1
3720 3726 1
3720 3759 1
3721 3757 1
3721 3758 1
3723 3757 1
3724 3835 1
3725 3835 1
3725 3856 1
3725 3857 1
3726 3727 1
3729 3768 1
3729 3769 1
3729 3770 1
3732 3733 1
3732 3734 1
3732 3735 1
3732 3736 1
3733 3736 1
3733 3737 1
3733 3738 1
3734 3735 1
3734 3739 1
3734 3740 1
3735 3742 1
3735 3743 1
3736 3741 1
3737 3738 1
3737 3744 1
3737 3745 1
3738 3746 1
3740 3744 1
3740 3838 1
3741 3742 1
3741 3752 1
3741 3863 1
3742 3743 1
3742 3863 1
3744 3745 1
3745 3836 1
3745 3837 1
3746 3876 1
3747 3748 1
3747 3749 1
3747 3750 1
3748 3751 1
3748 3752 1
3750 3753 1
3750 3754 1
3751 3752 1
3751 3755 1
3754 3863 1
3755 3858 1
3755 3859 1
3758 3764 1
3760 3761 1
3760 3762 1
3761 3763 1
3762 3765 1
3762 3766 1
3766 3922 1
3766 3924 1
3771 3772 1
3771 3773 1
3771 3774 1
3771 3775 1
3772 3773 1
3772 3776 1
3773 3777 1
3773 3778 1
3773 3779 1
3774 3775 1
3774 3780 1
3774 3781 1
3775 3782 1
3775 3783 1
3777 4091 1
3777 4092 1
3777 4093 1
3778 3779 1
3778 3780 1
3778 4094 1
3779 4091 1
3779 4095 1
3780 4779 1
3780 4780 1
3781 4796 1
3782 4725 1
3782 4782 1
3783 4797 1
3783 4798 1
3785 3872 1
3785 3873 1
3786 3887 1
3787 3790 1
3787 3791 1
3787 3792 1
3788 3793 1
3789 3797 1
3789 3798 1
3790 3791 1
3790 4300 1
3791 4209 1
3791 4225 1
3792 3950 1
3792 4211 1
3793 4302 1
3793 4357 1
3793 4371 1
3793 4374 1
3794 3795 1
3795 3796 1
3796 3981 1
3796 3985 1
3797 4389 1
3797 4392 1
3798 3803 1
3798 4390 1
3798 4397 1
3801 3802 1
3801 3803 1
3802 3803 1
3802 3804 1
3802 3805 1
3804 3807 1
3804 3808 1
3805 3809 1
3806 3889 1
3806 3890 1
3807 3808 1
3807 4372 1
3807 4385 1
3807 4409 1
3807 4418 1
3808 3812 1
3808 4418 1
3810 3815 1
3812 3817 1
3812 3818 1
3813 3814 1
3813 3816 1
3815 3893 1
3815 3894 1
3815 3895 1
3817 4471 1
3817 4529 1
3817 4531 1
3818 4418 1
3818 4471 1
3819 3822 1
3820 3821 1
3821 3978 1
3821 3979 1
3822 3980 1
3822 3984 1
3825 3827 1
3825 3828 1
3826 3828 1
3826 4766 1
3826 4820 1
3827 3829 1
3828 3830 1
3830 4766 1
3830 4817 1
3830 4861 1
3832 3912 1
3835 3852 1
3835 3855 1
3836 3839 1
3837 3839 1
3837 3840 1
3837 3841 1
3838 3840 1
3839 3861 1
3839 3909 1
3841 3909 1
3841 4923 1
3844 3858 1
3847 3849 1
3847 3850 1
3848 3851 1
3848 3852 1
3848 3853 1
3852 3856 1
3860 3861 1
3860 3864 1
3861 3865 1
3861 3866 1
3864 4958 1
3865 3866 1
3865 4920 1
3866 3909 1
3867 3964 1
3867 3965 1
3868 3870 1
3868 3871 1
3869 3873 1
3869 3874 1
3869 3875 1
3870 3960 1
3870 4199 1
3871 3949 1
3871 3958 1
3872 4139 1
3873 4141 1
3873 4181 1
3874 3875 1
3874 4210 1
3875 4225 1
3875 4226 1
3877 3878 1
3877 3897 1
3877 3899 1
3878 3904 1
3878 3908 1
3879 3900 1
3879 3963 1
3880 3881 1
3880 3882 1
3882 3884 1
3887 3888 1
3891 4549 1
3891 4590 1
3891 4591 1
3893 3894 1
3893 4530 1
3893 4539 1
3894 4531 1
3894 4548 1
3897 3898 1
3897 3899 1
3898 3900 1
3898 3901 1
3898 3902 1
3899 3903 1
3899 3904 1
3900 3905 1
3901 3903 1
3902 3906 1
3902 3907 1
3903 3904 1
3904 3972 1
3909 4923 1
3913 3914 1
3913 3915 1
3913 3916 1
3914 3917 1
3916 3918 1
3916 3919 1
3922 3923 1
3925 3926 1
3925 3927 1
3925 3928 1
3926 3929 1
3926 3930 1
3927 3931 1
3927 3932 1
3929 3933 1
3930 3934 1
3930 3935 1
3930 3936 1
3933 3935 1
3939 3940 1
3940 3946 1
3940 3953 1
3941 3964 1
3941 3967 1
3942 3947 1
3942 3954 1
3942 3955 1
3942 3956 1
3942 3957 1
3943 3946 1
3943 3952 1
3944 3945 1
3945 3968 1
3945 3970 1
3946 3947 1
3946 3948 1
3947 3949 1
3947 3950 1
3947 3951 1
3948 3950 1
3948 3953 1
3949 3951 1
3949 3958 1
3951 3959 1
3951 3960 1
3954 3969 1
3954 3971 1
3955 3956 1
3955 3971 1
3956 3957 1
3957 3958 1
3959 4208 1
3959 4211 1
3960 4208 1
3964 3966 1
3965 3966 1
3966 3968 1
3967 3968 1
3967 3969 1
3969 3970 1
3970 3971 1
3979 3980 1
3979 3981 1
3980 3982 1
3981 3983 1
3986 4737 1
3987 3988 1
3987 3989 1
3987 3990 1
3988 3991 1
3988 3992 1
3988 3993 1
3990 3994 1
3990 3995 1
3991 3996 1
3991 3997 1
3992 3997 1
3992 3998 1
3993 3999 1
3993 4000 1
3995 4072 1
3995 4078 1
3998 4032 1
3998 4035 1
3998 4036 1
3999 4000 1
4000 4064 1
4000 4072 1
4001 4002 1
4001 4003 1
4001 4004 1
4001 4005 1
4002 4006 1
4002 4007 1
4003 4013 1
4003 4014 1
4003 4015 1
4004 4008 1
4004 4009 1
4004 4010 1
4005 4011 1
4005 4012 1
4006 4016 1
4006 4017 1
4006 4018 1
4007 4010 1
4007 4019 1
4009 4015 1
4010 4018 1
4011 4017 1
4016 4020 1
4016 4021 1
4016 4022 1
4017 4022 1
4018 4023 1
4018 4024 1
4018 4025 1
4018 4026 1
4020 4027 1
4020 4028 1
4021 4029 1
4021 4030 1
4022 4031 1
4027 4043 1
4027 4045 1
4032 4033 1
4032 4034 1
4034 4037 1
4034 4038 1
4035 4040 1
4035 4041 1
4035 4042 1
4036 4039 1
4036 4040 1
4037 4078 1
4043 4044 1
4043 4045 1
4044 4046 1
4045 4047 1
4046 4049 1
4048 4224 1
4050 4052 1
4050 4067 1
4051 4052 1
4052 4070 1
4053 4054 1
4053 4055 1
4053 4056 1
4054 4057 1
4054 4058 1
4055 4059 1
4056 4060 1
4056 4061 1
4057 4062 1
4057 4063 1
4057 4064 1
4058 4065 1
4058 4066 1
4063 4064 1
4064 4074 1
4067 4068 1
4067 4070 1
4068 4069 1
4069 4070 1
4071 4072 1
4071 4073 1
4071 4074 1
4072 4075 1
4074 4075 1
4074 4076 1
4074 4077 1
4075 4079 1
4075 4080 1
4079 4080 1
4081 4082 1
4081 4083 1
4081 4084 1
4082 4088 1
4082 4089 1
4082 4090 1
4083 4085 1
4083 4086 1
4083 4087 1
4085 4828 1
4086 4088 1
4087 4819 1
4088 4089 1
4089 4745 1
4089 4767 1
4090 4746 1
4091 4777 1
4091 4778 1
4092 4723 1
4095 4721 1
4095 4778 1
4095 4781 1
4097 4156 1
4097 4167 1
4097 4168 1
4098 4173 1
4098 4174 1
4098 4175 1
4100 4113 1
4101 4102 1
4101 4118 1
4102 4119 1
4103 4104 1
4103 4113 1
4103 4116 1
4103 4120 1
4104 4121 1
4105 4107 1
4105 4119 1
4105 4128 1
4106 4110 1
4107 4112 1
4109 4154 1
4109 4155 1
4110 4111 1
4111 4114 1
4111 4115 1
4112 4153 1
4112 4186 1
4112 4187 1
4114 4116 1
4114 4117 1
4115 4117 1
4116 4122 1
4117 4189 1
4119 4137 1
4119 4138 1
4120 4123 1
4120 4124 1
4120 4125 1
4121 4126 1
4121 4127 1
4123 4183 1
4123 4241 1
4123 4242 1
4125 4266 1
4125 4269 1
4125 4277 1
4126 4161 1
4128 4137 1
4128 4152 1
4128 4153 1
4130 4132 1
4130 4133 1
4131 4134 1
4131 4135 1
4132 4133 1
4132 4142 1
4132 4143 1
4133 4144 1
4134 4212 1
4134 4213 1
4135 4218 1
4135 4219 1
4135 4220 1
4136 4162 1
4136 4163 1
4137 4150 1
4139 4140 1
4139 4141 1
4140 4151 1
4140 4166 1
4141 4166 1
4142 4143 1
4142 4157 1
4143 4264 1
4146 4147 1
4146 4148 1
4146 4149 1
4150 4151 1
4152 4153 1
4152 4166 1
4152 4181 1
4154 4158 1
4154 4159 1
4156 4169 1
4157 4228 1
4157 4264 1
4160 4162 1
4161 4182 1
4161 4183 1
4162 4165 1
4163 4164 1
4164 4176 1
4164 4177 1
4164 4178 1
4164 4179 1
4165 4195 1
4165 4196 1
4167 4170 1
4167 4171 1
4168 4172 1
4168 4173 1
4170 4172 1
4170 4180 1
4170 4197 1
4171 4206 1
4171 4207 1
4172 4173 1
4172 4180 1
4173 4198 1
4176 4180 1
4176 4197 1
4177 4229 1
4177 4256 1
4178 4195 1
4178 4260 1
4178 4261 1
4179 4262 1
4179 4263 1
4181 4184 1
4181 4185 1
4182 4240 1
4182 4241 1
4184 4226 1
4184 4249 1
4184 4250 1
4185 4194 1
4185 4254 1
4186 4188 1
4186 4189 1
4187 4191 1
4187 4194 1
4188 4190 1
4188 4191 1
4188 4192 1
4189 4192 1
4189 4193 1
4190 4251 1
4190 4292 1
4190 4294 1
4191 4305 1
4192 4193 1
4192 4205 1
4193 4200 1
4193 4203 1
4194 4305 1
4195 4261 1
4195 4308 1
4197 4207 1
4199 4208 1
4199 4209 1
4200 4201 1
4200 4202 1
4202 4204 1
4204 4205 1
4204 4282 1
4205 4292 1
4206 4227 1
4206 4228 1
4207 4227 1
4207 4229 1
4209 4210 1
4212 4214 1
4212 4215 1
4213 4216 1
4213 4217 1
4214 4221 1
4215 4222 1
4215 4223 1
4216 4232 1
4216 4233 1
4216 4234 1
4217 4235 1
4217 4236 1
4218 4235 1
4218 4264 1
4225 4253 1
4225 4301 1
4226 4250 1
4227 4229 1
4227 4231 1
4228 4230 1
4229 4255 1
4230 4235 1
4230 4259 1
4231 4255 1
4231 4259 1
4233 4236 1
4233 4246 1
4233 4247 1
4234 4238 1
4234 4248 1
4235 4278 1
4236 4278 1
4236 4289 1
4237 4238 1
4237 4239 1
4238 4239 1
4240 4241 1
4240 4243 1
4240 4244 1
4240 4245 1
4241 4242 1
4242 4266 1
4242 4276 1
4243 4244 1
4243 4340 1
4244 4330 1
4244 4333 1
4245 4276 1
4245 4340 1
4245 4344 1
4246 4425 1
4246 4456 1
4247 4248 1
4249 4251 1
4249 4252 1
4250 4253 1
4251 4254 1
4251 4304 1
4252 4253 1
4252 4304 1
4252 4306 1
4253 4358 1
4254 4305 1
4255 4257 1
4255 4258 1
4256 4298 1
4256 4299 1
4257 4259 1
4257 4335 1
4258 4335 1
4258 4337 1
4258 4338 1
4259 4278 1
4260 4309 1
4260 4310 1
4260 4311 1
4261 4312 1
4261 4313 1
4262 4309 1
4262 4350 1
4263 4298 1
4265 4266 1
4265 4267 1
4265 4268 1
4265 4269 1
4267 4271 1
4267 4272 1
4267 4273 1
4268 4270 1
4268 4271 1
4269 4274 1
4269 4275 1
4270 4276 1
4270 4334 1
4271 4285 1
4271 4286 1
4272 4279 1
4272 4280 1
4273 4274 1
4276 4344 1
4279 4281 1
4280 4282 1
4280 4283 1
4280 4284 1
4281 4287 1
4281 4288 1
4282 4290 1
4282 4291 1
4283 4287 1
4284 4285 1
4284 4295 1
4284 4297 1
4285 4346 1
4286 4334 1
4286 4346 1
4286 4348 1
4289 4336 1
4289 4423 1
4290 4292 1
4290 4293 1
4291 4294 1
4291 4295 1
4291 4296 1
4292 4296 1
4293 4296 1
4294 4303 1
4295 4297 1
4295 4303 1
4297 4347 1
4297 4362 1
4298 4327 1
4298 4328 1
4299 4327 1
4299 4329 1
4300 4301 1
4300 4302 1
4301 4357 1
4301 4358 1
4302 4357 1
4303 4339 1
4304 4307 1
4306 4360 1
4306 4370 1
4307 4339 1
4307 4382 1
4309 4351 1
4310 4351 1
4310 4355 1
4310 4356 1
4312 4330 1
4312 4332 1
4313 4331 1
4313 4349 1
4314 4315 1
4314 4316 1
4314 4317 1
4314 4318 1
4315 4318 1
4315 4319 1
4315 4320 1
4316 4317 1
4316 4321 1
4317 4319 1
4317 4322 1
4318 4323 1
4320 4324 1
4320 4325 1
4320 4326 1
4321 4323 1
4321 4575 1
4322 4932 1
4322 4948 1
4323 4916 1
4324 4325 1
4324 4991 1
4326 4918 1
4326 4964 1
4326 4991 1
4327 4363 1
4327 4365 1
4328 4352 1
4328 4363 1
4330 4331 1
4331 4333 1
4333 4341 1
4333 4343 1
4334 4345 1
4335 4336 1
4336 4421 1
4336 4422 1
4337 4367 1
4337 4427 1
4337 4437 1
4339 4361 1
4339 4362 1
4340 4341 1
4340 4342 1
4341 4375 1
4342 4375 1
4342 4376 1
4343 4349 1
4343 4375 1
4343 4391 1
4344 4377 1
4344 4378 1
4345 4348 1
4345 4381 1
4345 4384 1
4346 4347 1
4347 4348 1
4347 4369 1
4348 4369 1
4349 4393 1
4350 4352 1
4350 4353 1
4351 4354 1
4352 4386 1
4353 4414 1
4354 4391 1
4354 4394 1
4354 4486 1
4357 4360 1
4358 4359 1
4360 4371 1
4361 4379 1
4361 4380 1
4362 4369 1
4363 4364 1
4364 4365 1
4364 4366 1
4365 4367 1
4365 4368 1
4366 4398 1
4366 4399 1
4367 4398 1
4367 4415 1
4369 4379 1
4370 4372 1
4370 4373 1
4371 4374 1
4371 4385 1
4372 4385 1
4372 4409 1
4374 4387 1
4376 4395 1
4376 4396 1
4377 4395 1
4377 4432 1
4377 4435 1
4378 4383 1
4378 4384 1
4378 4438 1
4379 4381 1
4380 4382 1
4380 4383 1
4381 4384 1
4382 4404 1
4382 4408 1
4383 4384 1
4383 4439 1
4385 4390 1
4386 4401 1
4386 4413 1
4387 4388 1
4387 4389 1
4388 4389 1
4388 4390 1
4391 4393 1
4391 4394 1
4394 4429 1
4394 4436 1
4395 4429 1
4395 4430 1
4398 4400 1
4399 4401 1
4399 4402 1
4399 4403 1
4400 4416 1
4400 4417 1
4401 4441 1
4402 4416 1
4402 4442 1
4402 4443 1
4404 4405 1
4404 4406 1
4404 4407 1
4405 4406 1
4405 4409 1
4406 4410 1
4408 4411 1
4408 4412 1
4410 4411 1
4410 4419 1
4410 4420 1
4411 4439 1
4411 4467 1
4412 4439 1
4413 4414 1
4413 4447 1
4414 4447 1
4414 4458 1
4415 4437 1
4415 4455 1
4415 4479 1
4416 4444 1
4419 4420 1
4419 4460 1
4419 4467 1
4420 4470 1
4420 4471 1
4421 4427 1
4421 4428 1
4422 4424 1
4422 4425 1
4422 4426 1
4426 4437 1
4426 4455 1
4426 4456 1
4427 4437 1
4429 4431 1
4430 4432 1
4430 4433 1
4430 4434 1
4432 4435 1
4432 4440 1
4433 4436 1
4433 4448 1
4434 4440 1
4434 4449 1
4434 4450 1
4435 4438 1
4436 4448 1
4436 4452 1
4438 4439 1
4440 4451 1
4441 4442 1
4443 4446 1
4443 4447 1
4444 4445 1
4444 4446 1
4445 4479 1
4445 4480 1
4445 4481 1
4446 4457 1
4446 4517 1
4447 4457 1
4448 4453 1
4448 4454 1
4449 4450 1
4449 4459 1
4449 4462 1
4450 4454 1
4451 4466 1
4451 4467 1
4453 4511 1
4453 4512 1
4454 4516 1
4455 4479 1
4455 4480 1
4456 4488 1
4456 4490 1
4457 4475 1
4457 4535 1
4458 4472 1
4458 4473 1
4459 4460 1
4459 4461 1
4460 4463 1
4461 4464 1
4461 4465 1
4462 4466 1
4463 4468 1
4463 4469 1
4464 4528 1
4464 4541 1
4468 4470 1
4468 4526 1
4469 4527 1
4469 4528 1
4470 4529 1
4470 4532 1
4472 4477 1
4472 4478 1
4473 4474 1
4473 4475 1
4473 4476 1
4474 4475 1
4474 4543 1
4474 4544 1
4475 4535 1
4476 4477 1
4476 4484 1
4476 4485 1
4477 4484 1
4480 4482 1
4480 4483 1
4481 4483 1
4481 4523 1
4482 4488 1
4482 4493 1
4482 4494 1
4483 4523 1
4483 4525 1
4484 4486 1
4484 4487 1
4485 4543 1
4485 4550 1
4486 4511 1
4486 4513 1
4488 4489 1
4489 4491 1
4489 4492 1
4490 4495 1
4490 4496 1
4490 4497 1
4491 4493 1
4492 4493 1
4492 4498 1
4492 4499 1
4493 4518 1
4494 4499 1
4495 4500 1
4495 4501 1
4495 4502 1
4495 4503 1
4496 4498 1
4496 4520 1
4498 4500 1
4498 4505 1
4499 4518 1
4499 4524 1
4500 4501 1
4501 4504 1
4502 4506 1
4502 4507 1
4502 4508 1
4504 4509 1
4504 4510 1
4505 4509 1
4505 4521 1
4505 4522 1
4508 4604 1
4509 4598 1
4510 4597 1
4510 4604 1
4510 4605 1
4510 4606 1
4511 4513 1
4512 4514 1
4512 4515 1
4512 4516 1
4513 4514 1
4513 4519 1
4514 4550 1
4514 4555 1
4515 4570 1
4515 4571 1
4516 4572 1
4516 4573 1
4517 4535 1
4517 4537 1
4519 4550 1
4519 4554 1
4521 4524 1
4521 4635 1
4523 4537 1
4523 4553 1
4524 4546 1
4524 4547 1
4526 4532 1
4526 4538 1
4527 4538 1
4527 4540 1
4527 4541 1
4528 4542 1
4529 4530 1
4530 4532 1
4531 4533 1
4531 4534 1
4532 4539 1
4535 4536 1
4536 4544 1
4537 4551 1
4538 4539 1
4538 4540 1
4539 4549 1
4540 4566 1
4541 4567 1
4541 4569 1
4543 4545 1
4544 4545 1
4545 4551 1
4547 4626 1
4547 4778 1
4549 4568 1
4549 4630 1
4550 4552 1
4551 4594 1
4551 4595 1
4552 4555 1
4553 4594 1
4553 4624 1
4555 4574 1
4556 4558 1
4556 4559 1
4557 4560 1
4558 4562 1
4558 4563 1
4559 4564 1
4559 4565 1
4566 4567 1
4566 4568 1
4567 4569 1
4567 4586 1
4568 4586 1
4568 4592 1
4569 4572 1
4569 4573 1
4570 4573 1
4570 4649 1
4570 4650 1
4571 4574 1
4571 4648 1
4571 4649 1
4572 4589 1
4574 4627 1
4575 4809 1
4575 4825 1
4576 4577 1
4576 4578 1
4576 4579 1
4577 4580 1
4577 4581 1
4578 4582 1
4578 4583 1
4579 4584 1
4579 4585 1
4580 4581 1
4580 4582 1
4581 4584 1
4582 4609 1
4586 4587 1
4586 4588 1
4587 4617 1
4587 4618 1
4588 4617 1
4588 4622 1
4590 4593 1
4592 4628 1
4592 4629 1
4594 4623 1
4595 4623 1
4595 4627 1
4596 4597 1
4596 4598 1
4596 4599 1
4597 4600 1
4598 4601 1
4598 4602 1
4599 4603 1
4600 4607 1
4600 4608 1
4601 4633 1
4601 4634 1
4602 4634 1
4602 4635 1
4602 4636 1
4603 4633 1
4609 4610 1
4609 4611 1
4612 4614 1
4613 4640 1
4615 4683 1
4615 4686 1
4616 4629 1
4616 4630 1
4616 4676 1
4617 4619 1
4617 4620 1
4618 4620 1
4618 4621 1
4619 4711 1
4619 4712 1
4619 4713 1
4620 4712 1
4620 4720 1
4622 4652 1
4622 4711 1
4622 4719 1
4623 4625 1
4623 4626 1
4625 4626 1
4625 4627 1
4628 4630 1
4629 4631 1
4629 4632 1
4631 4656 1
4631 4661 1
4632 4658 1
4632 4773 1
4633 4637 1
4633 4638 1
4634 4639 1
4635 4709 1
4636 4639 1
4636 4708 1
4636 4709 1
4637 4662 1
4637 4663 1
4637 4664 1
4638 4665 1
4638 4666 1
4639 4662 1
4641 4642 1
4641 4643 1
4641 4644 1
4643 4645 1
4643 4646 1
4643 4647 1
4648 4724 1
4648 4726 1
4649 4653 1
4650 4651 1
4650 4652 1
4652 4653 1
4652 4654 1
4653 4716 1
4654 4711 1
4654 4718 1
4655 4656 1
4655 4657 1
4655 4658 1
4656 4658 1
4657 4659 1
4657 4660 1
4658 4660 1
4659 4661 1
4659 4667 1
4660 4764 1
4661 4671 1
4662 4707 1
4663 4783 1
4663 4784 1
4664 4785 1
4664 4786 1
4664 4787 1
4665 4783 1
4666 4805 1
4667 4668 1
4667 4669 1
4668 4670 1
4668 4671 1
4669 4672 1
4669 4673 1
4669 4674 1
4670 4671 1
4670 4675 1
4672 4675 1
4672 4679 1
4672 4680 1
4674 4680 1
4675 4676 1
4676 4677 1
4676 4678 1
4677 4679 1
4677 4729 1
4678 4685 1
4681 4682 1
4681 4683 1
4681 4684 1
4682 4685 1
4682 4686 1
4683 4687 1
4683 4688 1
4684 4689 1
4684 4690 1
4685 4689 1
4686 4691 1
4687 4727 1
4687 4733 1
4687 4734 1
4689 4730 1
4690 4728 1
4690 4730 1
4692 4693 1
4692 4694 1
4692 4695 1
4693 4696 1
4693 4697 1
4693 4698 1
4694 4700 1
4695 4698 1
4695 4700 1
4695 4701 1
4696 4702 1
4696 4704 1
4697 4702 1
4697 4703 1
4698 4705 1
4698 4706 1
4699 4704 1
4701 4705 1
4701 4744 1
4703 4706 1
4705 4748 1
4707 4708 1
4708 4721 1
4710 4737 1
4712 4714 1
4712 4715 1
4713 4716 1
4713 4717 1
4714 4715 1
4714 4770 1
4714 4775 1
4715 4776 1
4716 4776 1
4716 4789 1
4722 4723 1
4722 4724 1
4722 4725 1
4725 4726 1
4726 4761 1
4727 4728 1
4727 4729 1
4728 4730 1
4729 4731 1
4729 4732 1
4731 4752 1
4731 4762 1
4732 4763 1
4732 4766 1
4732 4767 1
4733 4734 1
4733 4739 1
4733 4743 1
4734 4742 1
4735 4738 1
4735 4739 1
4735 4740 1
4736 4737 1
4736 4738 1
4737 4747 1
4738 4741 1
4738 4747 1
4739 4741 1
4739 4742 1
4740 4742 1
4740 4746 1
4741 4743 1
4741 4744 1
4742 4745 1
4743 4748 1
4744 4747 1
4744 4748 1
4749 4750 1
4749 4751 1
4749 4752 1
4750 4751 1
4750 4753 1
4751 4754 1
4751 4755 1
4752 4756 1
4753 4755 1
4753 4757 1
4754 4759 1
4754 4760 1
4755 4758 1
4755 4759 1
4756 4764 1
4756 4765 1
4757 4758 1
4758 4759 1
4762 4763 1
4763 4768 1
4763 4771 1
4765 4774 1
4766 4775 1
4768 4769 1
4768 4770 1
4770 4772 1
4771 4773 1
4771 4774 1
4775 4795 1
4776 4791 1
4776 4808 1
4779 4780 1
4779 4781 1
4779 4809 1
4780 4810 1
4780 4811 1
4781 4809 1
4781 4822 1
4782 4790 1
4782 4793 1
4783 4801 1
4783 4802 1
4784 4802 1
4784 4803 1
4784 4804 1
4785 4787 1
4785 4804 1
4787 4822 1
4787 4857 1
4788 4789 1
4788 4790 1
4788 4791 1
4789 4792 1
4790 4793 1
4791 4794 1
4793 4798 1
4794 4814 1
4794 4815 1
4796 4830 1
4796 4837 1
4796 4838 1
4797 4839 1
4798 4812 1
4798 4813 1
4799 4926 1
4801 4805 1
4801 4806 1
4802 4807 1
4803 4804 1
4803 4878 1
4803 4881 1
4807 4886 1
4808 4816 1
4808 4817 1
4809 4821 1
4810 4845 1
4810 4846 1
4811 4832 1
4811 4836 1
4811 4845 1
4812 4839 1
4812 4852 1
4813 4841 1
4813 4900 1
4814 4843 1
4814 4844 1
4815 4841 1
4815 4842 1
4816 4843 1
4816 4866 1
4816 4867 1
4817 4861 1
4818 4820 1
4819 4828 1
4820 4828 1
4821 4823 1
4821 4824 1
4822 4826 1
4822 4827 1
4823 4827 1
4823 4856 1
4824 4857 1
4824 4858 1
4825 4846 1
4827 4859 1
4829 4830 1
4829 4831 1
4829 4832 1
4830 4833 1
4831 4834 1
4831 4835 1
4832 4836 1
4832 4837 1
4835 4839 1
4835 4840 1
4836 4873 1
4837 4873 1
4839 4849 1
4840 4850 1
4840 4851 1
4841 4900 1
4841 4903 1
4843 4865 1
4845 4847 1
4846 4848 1
4847 4871 1
4847 4872 1
4849 4853 1
4849 4854 1
4849 4855 1
4850 4854 1
4850 4862 1
4851 4863 1
4851 4864 1
4853 4897 1
4853 4899 1
4854 4910 1
4855 4913 1
4855 4914 1
4857 4888 1
4858 4879 1
4858 4885 1
4858 4889 1
4861 4874 1
4863 4931 1
4863 4936 1
4865 4868 1
4865 4869 1
4865 4870 1
4866 4874 1
4866 4875 1
4867 4869 1
4867 4877 1
4868 4909 1
4868 4943 1
4869 4909 1
4869 4919 1
4870 4902 1
4870 4944 1
4871 4931 1
4871 4932 1
4874 4876 1
4878 4879 1
4878 4880 1
4879 4882 1
4879 4885 1
4880 4882 1
4880 4883 1
4880 4884 1
4881 4886 1
4881 4887 1
4882 4893 1
4883 4887 1
4884 4973 1
4885 4890 1
4889 4894 1
4889 4895 1
4889 4896 1
4890 4891 1
4890 4892 1
4891 4895 1
4891 4904 1
4893 4998 1
4894 4915 1
4894 4916 1
4895 4905 1
4896 4956 1
4896 4957 1
4897 4898 1
4897 4899 1
4898 4900 1
4898 4901 1
4899 4902 1
4900 4903 1
4902 4908 1
4902 4909 1
4903 4944 1
4904 4906 1
4904 4907 1
4905 4954 1
4905 4955 1
4906 4998 1
4908 4913 1
4908 4919 1
4909 4919 1
4910 4911 1
4910 4912 1
4911 4937 1
4911 4941 1
4912 4939 1
4912 4940 1
4913 4919 1
4913 4920 1
4913 4921 1
4916 4917 1
4916 4918 1
4917 4960 1
4917 4961 1
4918 4962 1
4920 4922 1
4920 4923 1
4921 4924 1
4921 4925 1
4926 4928 1
4927 4929 1
4927 4930 1
4931 4933 1
4931 4934 1
4932 4933 1
4932 4935 1
4933 4937 1
4933 4938 1
4935 4949 1
4935 4950 1
4937 4942 1
4938 4940 1
4938 4951 1
4938 4952 1
4939 4945 1
4939 4946 1
4940 4947 1
4945 4988 1
4950 4951 1
4950 4959 1
4951 4968 1
4952 4988 1
4952 4989 1
4952 4990 1
4955 4982 1
4955 4983 1
4956 4983 1
4956 4997 1
4957 4966 1
4960 4963 1
4960 4964 1
4961 4965 1
4961 4966 1
4961 4967 1
4962 4963 1
4962 4964 1
4963 4984 1
4964 4985 1
4965 4994 1
4965 4995 1
4968 4986 1
4968 4987 1
4969 4970 1
4969 4971 1
4969 4972 1
4970 4973 1
4970 4974 1
4971 4975 1
4971 4976 1
4972 4977 1
4972 4978 1
4972 4979 1
4973 4980 1
4973 4981 1
4989 4990 1
4992 4993 1
4992 4994 1
4992 4995 1
4993 4994 1
4993 4996 1
4995 4996 1
4996 4997 1
4998 4999 1
