2000 2672
0 1 1
0 2 1
0 3 1
1 4 1
1 5 1
2 6 1
3 7 1
3 8 1
4 9 1
5 10 1
5 11 1
6 12 1
6 13 1
6 14 1
7 18 1
7 387 1
8 14 1
9 12 1
9 15 1
10 308 1
10 796 1
11 329 1
11 722 1
11 727 1
12 15 1
12 16 1
13 16 1
13 17 1
14 18 1
14 19 1
15 20 1
15 21 1
16 22 1
17 19 1
17 22 1
17 883 1
18 383 1
18 389 1
19 389 1
20 252 1
20 253 1
20 254 1
21 254 1
21 255 1
22 884 1
23 24 1
23 25 1
23 26 1
24 27 1
25 28 1
25 29 1
26 30 1
26 31 1
27 32 1
27 33 1
28 29 1
28 34 1
28 35 1
29 36 1
29 37 1
30 220 1
30 221 1
31 225 1
31 226 1
31 227 1
32 71 1
32 80 1
34 35 1
34 38 1
35 39 1
35 40 1
36 40 1
36 228 1
38 41 1
38 42 1
38 43 1
39 40 1
39 46 1
40 232 1
41 42 1
41 44 1
41 45 1
42 49 1
43 46 1
43 47 1
43 48 1
44 50 1
44 51 1
44 52 1
45 52 1
45 53 1
46 47 1
47 228 1
48 231 1
48 238 1
49 238 1
51 54 1
52 54 1
53 248 1
53 249 1
54 55 1
54 56 1
55 56 1
55 57 1
56 58 1
56 59 1
57 60 1
57 61 1
58 69 1
58 73 1
58 74 1
60 62 1
60 63 1
61 64 1
61 65 1
65 66 1
65 67 1
67 68 1
67 69 1
69 70 1
70 71 1
70 72 1
70 73 1
71 75 1
72 76 1
72 77 1
73 78 1
73 79 1
75 80 1
75 81 1
75 82 1
80 83 1
80 84 1
85 86 1
85 87 1
85 88 1
86 89 1
86 90 1
86 91 1
87 92 1
87 93 1
88 94 1
88 95 1
89 96 1
89 97 1
90 98 1
90 99 1
91 99 1
91 100 1
91 101 1
92 133 1
92 139 1
93 94 1
93 139 1
94 95 1
94 405 1
96 97 1
96 102 1
97 103 1
99 100 1
100 101 1
102 104 1
102 105 1
103 105 1
104 106 1
104 107 1
105 108 1
105 109 1
106 110 1
106 111 1
107 108 1
107 112 1
110 113 1
110 114 1
111 112 1
111 115 1
111 116 1
113 114 1
113 117 1
114 116 1
116 124 1
117 118 1
117 119 1
118 120 1
118 121 1
118 122 1
119 123 1
119 124 1
120 125 1
120 126 1
120 127 1
121 128 1
121 129 1
122 130 1
122 131 1
122 132 1
125 127 1
125 133 1
126 134 1
126 135 1
127 136 1
127 137 1
128 129 1
128 134 1
131 132 1
133 138 1
137 140 1
138 140 1
138 141 1
138 142 1
139 143 1
140 142 1
141 142 1
143 402 1
143 403 1
143 404 1
144 145 1
144 146 1
144 147 1
145 146 1
145 148 1
145 149 1
146 150 1
147 151 1
147 152 1
147 153 1
148 154 1
148 155 1
148 156 1
149 151 1
149 154 1
149 157 1
150 152 1
150 155 1
150 158 1
151 520 1
151 521 1
153 521 1
154 513 1
154 514 1
155 515 1
155 516 1
156 514 1
156 515 1
157 513 1
157 519 1
157 520 1
158 516 1
159 160 1
159 161 1
159 162 1
159 163 1
160 164 1
160 165 1
161 166 1
161 167 1
161 168 1
162 165 1
162 169 1
162 170 1
162 171 1
164 172 1
164 173 1
165 170 1
166 174 1
166 175 1
166 176 1
167 177 1
167 178 1
167 179 1
168 176 1
168 177 1
172 210 1
172 217 1
173 218 1
173 219 1
174 180 1
174 181 1
174 182 1
175 182 1
175 183 1
175 184 1
177 367 1
178 179 1
182 185 1
183 184 1
183 294 1
183 297 1
184 370 1
185 186 1
185 187 1
186 188 1
186 189 1
187 190 1
187 191 1
187 192 1
188 193 1
188 194 1
188 195 1
189 196 1
189 197 1
190 227 1
190 301 1
190 741 1
191 301 1
191 742 1
193 198 1
193 199 1
193 200 1
194 200 1
194 201 1
195 196 1
195 202 1
195 203 1
199 204 1
199 205 1
199 206 1
200 207 1
205 206 1
205 208 1
205 209 1
206 207 1
208 210 1
208 211 1
209 212 1
209 213 1
209 214 1
210 215 1
211 212 1
211 216 1
220 222 1
221 223 1
221 224 1
222 228 1
222 229 1
223 229 1
223 288 1
224 289 1
224 293 1
224 300 1
225 292 1
225 296 1
226 293 1
226 300 1
227 301 1
227 302 1
229 230 1
229 231 1
230 231 1
230 244 1
230 288 1
233 234 1
233 235 1
233 236 1
233 237 1
234 238 1
234 239 1
235 236 1
235 240 1
236 242 1
236 243 1
237 241 1
238 239 1
239 244 1
239 245 1
240 246 1
240 247 1
241 322 1
241 343 1
242 319 1
242 320 1
242 321 1
243 322 1
243 323 1
244 245 1
244 288 1
245 290 1
247 248 1
249 250 1
249 251 1
250 319 1
250 328 1
251 328 1
251 329 1
252 730 1
252 836 1
252 837 1
253 837 1
254 991 1
255 991 1
256 257 1
256 258 1
256 259 1
256 260 1
257 261 1
257 262 1
257 263 1
258 260 1
258 264 1
258 265 1
259 262 1
259 266 1
259 267 1
259 268 1
260 267 1
260 269 1
260 270 1
261 264 1
261 271 1
261 272 1
262 266 1
262 273 1
263 272 1
263 273 1
263 274 1
264 275 1
264 276 1
265 269 1
265 276 1
265 277 1
266 330 1
266 331 1
267 268 1
267 270 1
268 331 1
268 332 1
271 279 1
271 283 1
271 284 1
271 285 1
272 286 1
272 287 1
273 333 1
273 334 1
274 333 1
275 278 1
275 279 1
275 280 1
276 277 1
276 280 1
276 281 1
276 282 1
279 284 1
280 281 1
288 289 1
289 290 1
289 291 1
290 352 1
291 295 1
291 351 1
292 293 1
292 294 1
292 295 1
293 295 1
294 297 1
294 298 1
296 297 1
296 299 1
303 304 1
303 305 1
303 306 1
303 307 1
303 308 1
304 305 1
304 306 1
304 309 1
305 310 1
305 311 1
306 313 1
306 314 1
307 312 1
308 312 1
308 315 1
309 310 1
309 313 1
310 316 1
310 317 1
311 318 1
312 765 1
313 314 1
313 320 1
314 328 1
315 796 1
316 320 1
316 325 1
316 361 1
317 409 1
317 419 1
318 417 1
318 796 1
319 320 1
319 324 1
321 325 1
321 326 1
321 327 1
322 344 1
322 349 1
325 418 1
325 766 1
326 766 1
329 335 1
330 331 1
330 885 1
331 886 1
331 887 1
332 887 1
335 337 1
335 341 1
336 337 1
336 338 1
336 339 1
337 338 1
338 340 1
339 340 1
340 342 1
341 765 1
341 795 1
343 344 1
343 345 1
344 346 1
344 347 1
345 346 1
345 348 1
346 347 1
347 348 1
348 381 1
350 351 1
350 352 1
350 353 1
350 354 1
351 355 1
352 356 1
353 357 1
353 358 1
356 359 1
356 360 1
357 373 1
357 377 1
359 372 1
359 663 1
359 666 1
361 409 1
361 418 1
362 363 1
362 364 1
362 365 1
363 366 1
363 367 1
364 365 1
364 368 1
365 369 1
366 367 1
366 370 1
368 371 1
368 372 1
370 380 1
371 373 1
371 374 1
372 375 1
373 376 1
377 378 1
377 379 1
381 406 1
381 407 1
382 383 1
382 384 1
382 385 1
382 386 1
383 387 1
383 388 1
384 389 1
384 390 1
384 391 1
385 386 1
385 390 1
385 392 1
386 393 1
386 394 1
387 395 1
388 395 1
388 396 1
388 397 1
389 398 1
390 392 1
390 401 1
391 399 1
391 400 1
391 401 1
392 888 1
393 890 1
394 396 1
394 963 1
394 964 1
395 422 1
396 428 1
396 434 1
400 401 1
406 477 1
406 483 1
408 409 1
408 410 1
408 411 1
409 412 1
410 412 1
410 413 1
410 414 1
411 415 1
411 416 1
412 417 1
413 420 1
413 421 1
413 422 1
414 423 1
414 424 1
415 416 1
415 773 1
417 419 1
418 767 1
420 425 1
420 426 1
421 425 1
421 431 1
422 431 1
423 430 1
423 457 1
424 457 1
424 470 1
424 471 1
425 427 1
425 428 1
426 429 1
426 430 1
427 429 1
427 432 1
428 433 1
428 434 1
430 432 1
432 449 1
432 450 1
433 434 1
433 449 1
433 454 1
434 777 1
435 436 1
435 437 1
435 438 1
436 439 1
436 440 1
437 441 1
437 442 1
438 443 1
438 444 1
439 441 1
440 445 1
440 446 1
442 447 1
442 448 1
444 1063 1
444 1069 1
445 1063 1
445 1070 1
449 451 1
449 454 1
450 451 1
450 453 1
451 452 1
451 453 1
452 455 1
452 456 1
453 457 1
453 458 1
454 459 1
454 460 1
455 459 1
455 461 1
457 464 1
458 464 1
458 466 1
458 467 1
459 460 1
459 461 1
460 463 1
461 462 1
461 463 1
462 467 1
462 528 1
462 529 1
463 743 1
464 465 1
465 468 1
465 469 1
466 474 1
466 475 1
467 472 1
467 473 1
468 531 1
468 536 1
469 544 1
469 545 1
470 768 1
470 773 1
470 774 1
471 775 1
471 776 1
472 522 1
472 524 1
474 522 1
474 523 1
475 523 1
475 526 1
476 477 1
476 478 1
476 479 1
477 478 1
478 480 1
479 481 1
479 482 1
480 484 1
480 485 1
484 574 1
484 667 1
485 568 1
485 570 1
486 487 1
486 488 1
486 489 1
487 490 1
487 491 1
488 492 1
488 493 1
488 494 1
488 495 1
490 496 1
490 497 1
491 497 1
491 498 1
492 496 1
492 501 1
492 502 1
493 502 1
493 509 1
494 495 1
494 510 1
495 511 1
495 512 1
496 499 1
497 500 1
499 503 1
499 504 1
501 503 1
501 505 1
501 506 1
502 507 1
502 508 1
503 506 1
505 507 1
507 508 1
509 1596 1
509 1685 1
510 511 1
510 1597 1
510 1685 1
513 517 1
514 518 1
517 518 1
517 519 1
522 524 1
523 525 1
524 527 1
525 526 1
525 540 1
525 541 1
526 530 1
526 534 1
527 576 1
528 529 1
528 578 1
528 583 1
529 588 1
530 531 1
530 532 1
531 533 1
532 534 1
532 535 1
533 537 1
533 538 1
533 539 1
534 542 1
534 543 1
535 590 1
535 598 1
536 539 1
536 546 1
536 547 1
537 568 1
537 569 1
539 547 1
543 590 1
543 597 1
546 547 1
546 568 1
547 571 1
548 549 1
548 550 1
548 551 1
549 550 1
549 552 1
549 553 1
550 554 1
550 555 1
550 556 1
551 556 1
551 557 1
552 554 1
552 558 1
553 559 1
553 560 1
554 561 1
555 562 1
555 563 1
556 564 1
558 561 1
558 567 1
559 567 1
559 753 1
559 762 1
561 565 1
561 566 1
566 757 1
567 748 1
569 572 1
570 573 1
573 574 1
574 575 1
575 667 1
575 675 1
576 577 1
577 578 1
577 579 1
578 580 1
578 581 1
579 581 1
579 582 1
580 583 1
580 584 1
580 585 1
581 586 1
582 609 1
582 616 1
583 584 1
583 587 1
584 587 1
584 662 1
586 617 1
586 660 1
587 588 1
588 744 1
589 590 1
589 591 1
589 592 1
590 593 1
591 594 1
591 595 1
592 596 1
593 599 1
593 600 1
594 601 1
595 602 1
595 603 1
596 1137 1
598 644 1
598 645 1
599 1140 1
599 1145 1
602 604 1
602 605 1
602 606 1
603 607 1
603 608 1
604 609 1
604 610 1
605 611 1
605 612 1
605 613 1
606 614 1
606 615 1
607 612 1
607 710 1
607 711 1
609 616 1
611 612 1
611 646 1
614 615 1
614 652 1
615 617 1
615 658 1
616 617 1
617 659 1
618 619 1
618 620 1
618 621 1
619 622 1
619 623 1
620 624 1
620 625 1
620 626 1
621 627 1
621 628 1
622 629 1
622 630 1
622 631 1
623 632 1
623 633 1
623 634 1
624 625 1
624 629 1
625 635 1
625 636 1
627 657 1
627 662 1
628 633 1
629 631 1
629 635 1
630 631 1
630 639 1
631 638 1
635 637 1
635 638 1
636 640 1
637 641 1
637 642 1
638 643 1
640 641 1
640 657 1
641 655 1
646 647 1
646 648 1
647 648 1
647 649 1
647 650 1
648 651 1
649 652 1
649 653 1
649 654 1
651 992 1
651 996 1
653 654 1
653 657 1
654 655 1
654 656 1
656 1006 1
657 662 1
659 660 1
659 661 1
660 661 1
661 662 1
663 664 1
663 665 1
665 667 1
665 668 1
665 669 1
666 670 1
666 671 1
666 672 1
668 673 1
668 674 1
669 675 1
669 676 1
671 673 1
671 674 1
674 676 1
675 1150 1
676 1147 1
677 678 1
679 680 1
679 681 1
679 682 1
679 683 1
680 684 1
680 685 1
680 686 1
681 684 1
681 687 1
681 688 1
682 685 1
682 689 1
682 690 1
683 689 1
683 691 1
684 692 1
684 693 1
685 690 1
685 694 1
685 695 1
686 693 1
686 694 1
686 696 1
687 692 1
687 699 1
687 700 1
688 691 1
688 697 1
688 698 1
689 706 1
689 709 1
690 706 1
690 707 1
692 701 1
692 702 1
693 702 1
693 703 1
694 704 1
694 705 1
695 705 1
695 707 1
695 708 1
698 700 1
699 701 1
710 993 1
710 999 1
712 713 1
712 714 1
712 715 1
713 714 1
713 716 1
714 717 1
716 718 1
716 719 1
717 720 1
717 721 1
718 719 1
718 736 1
722 723 1
722 724 1
723 724 1
723 725 1
724 726 1
725 728 1
725 729 1
726 730 1
730 836 1
731 732 1
731 733 1
732 734 1
733 734 1
733 735 1
734 736 1
735 739 1
735 740 1
736 737 1
736 738 1
739 740 1
743 744 1
743 745 1
743 746 1
744 745 1
745 964 1
747 748 1
747 749 1
747 750 1
748 751 1
748 752 1
748 753 1
749 750 1
749 754 1
749 755 1
750 752 1
751 753 1
751 754 1
751 756 1
752 757 1
754 758 1
755 758 1
755 759 1
755 760 1
756 758 1
756 762 1
756 763 1
756 764 1
757 760 1
758 761 1
759 761 1
762 764 1
765 795 1
766 767 1
767 768 1
767 769 1
768 770 1
768 771 1
770 772 1
770 773 1
778 779 1
778 780 1
778 781 1
779 780 1
779 782 1
779 783 1
780 784 1
780 785 1
781 786 1
781 787 1
782 788 1
782 789 1
783 790 1
783 791 1
784 792 1
785 793 1
785 794 1
797 798 1
797 799 1
797 800 1
798 801 1
798 802 1
799 803 1
799 804 1
800 804 1
800 805 1
800 806 1
801 807 1
801 808 1
802 805 1
802 808 1
802 809 1
803 807 1
803 810 1
804 806 1
804 810 1
807 811 1
808 816 1
808 817 1
808 818 1
808 819 1
809 959 1
810 812 1
810 813 1
811 814 1
811 815 1
812 813 1
812 814 1
816 949 1
816 950 1
817 949 1
817 953 1
818 955 1
818 956 1
819 957 1
819 958 1
819 959 1
820 821 1
820 822 1
820 823 1
821 824 1
821 825 1
822 824 1
822 826 1
823 827 1
823 828 1
824 829 1
825 830 1
825 831 1
826 834 1
826 835 1
827 834 1
827 948 1
828 1289 1
828 1290 1
829 832 1
829 833 1
832 938 1
832 939 1
833 940 1
833 941 1
834 942 1
836 838 1
837 855 1
838 856 1
839 840 1
839 841 1
839 842 1
840 843 1
840 844 1
840 845 1
841 843 1
841 846 1
842 844 1
842 847 1
843 848 1
843 849 1
844 850 1
844 851 1
845 848 1
845 851 1
846 849 1
846 852 1
848 853 1
848 854 1
849 853 1
857 858 1
857 859 1
857 860 1
858 861 1
858 862 1
858 863 1
859 864 1
859 865 1
860 866 1
860 867 1
861 868 1
861 869 1
862 870 1
862 871 1
862 872 1
863 869 1
863 873 1
864 865 1
864 874 1
865 875 1
866 1539 1
867 1544 1
867 1552 1
868 874 1
868 877 1
868 878 1
869 878 1
869 882 1
870 1696 1
871 1697 1
871 1698 1
872 873 1
872 1699 1
873 882 1
874 876 1
875 1542 1
875 1548 1
877 879 1
877 880 1
878 880 1
878 881 1
881 882 1
885 886 1
888 889 1
888 890 1
889 891 1
889 892 1
889 893 1
890 894 1
890 895 1
896 897 1
896 898 1
896 899 1
896 900 1
897 901 1
897 902 1
897 903 1
898 901 1
898 904 1
898 905 1
899 906 1
899 907 1
900 908 1
901 902 1
901 909 1
902 910 1
903 911 1
903 912 1
903 913 1
904 914 1
904 915 1
904 916 1
905 916 1
905 917 1
906 1354 1
906 1361 1
906 1362 1
907 1366 1
908 1368 1
909 918 1
918 1010 1
918 1017 1
919 920 1
919 921 1
919 922 1
920 923 1
920 924 1
921 923 1
921 925 1
921 926 1
922 927 1
922 928 1
923 925 1
923 929 1
924 930 1
924 931 1
924 932 1
925 926 1
925 933 1
926 927 1
926 937 1
928 931 1
929 934 1
929 935 1
929 936 1
930 932 1
938 942 1
938 943 1
939 940 1
939 944 1
943 945 1
943 946 1
943 947 1
948 1286 1
948 1287 1
948 1288 1
949 951 1
949 952 1
949 953 1
950 954 1
950 955 1
951 957 1
951 960 1
952 960 1
952 961 1
952 962 1
953 957 1
955 956 1
965 966 1
965 967 1
965 968 1
966 969 1
966 970 1
966 971 1
967 972 1
967 973 1
967 974 1
968 975 1
968 976 1
968 977 1
969 972 1
969 978 1
969 979 1
970 980 1
970 981 1
971 976 1
971 982 1
972 979 1
973 986 1
973 987 1
973 988 1
974 986 1
974 989 1
974 990 1
978 984 1
978 985 1
979 983 1
980 982 1
983 985 1
986 990 1
992 993 1
993 994 1
993 995 1
994 997 1
994 998 1
995 1000 1
995 1001 1
996 997 1
996 1004 1
996 1005 1
998 1002 1
998 1003 1
999 1187 1
999 1199 1
1000 1003 1
1002 1005 1
1002 1007 1
1004 1006 1
1004 1007 1
1004 1008 1
1009 1010 1
1009 1011 1
1010 1012 1
1011 1013 1
1011 1014 1
1012 1015 1
1012 1016 1
1013 1071 1
1013 1074 1
1014 1075 1
1014 1076 1
1015 1016 1
1015 1018 1
1015 1019 1
1016 1020 1
1016 1021 1
1017 1075 1
1018 1022 1
1019 1020 1
1019 1023 1
1022 1024 1
1022 1025 1
1023 1025 1
1024 1026 1
1024 1027 1
1025 1028 1
1025 1029 1
1027 1030 1
1027 1031 1
1028 1031 1
1028 1036 1
1029 1036 1
1030 1032 1
1030 1033 1
1031 1033 1
1032 1034 1
1032 1035 1
1033 1035 1
1033 1036 1
1034 1037 1
1034 1038 1
1035 1039 1
1035 1040 1
1037 1041 1
1037 1042 1
1038 1039 1
1038 1043 1
1041 1044 1
1041 1045 1
1042 1043 1
1042 1046 1
1042 1047 1
1044 1048 1
1044 1049 1
1045 1046 1
1045 1049 1
1046 1052 1
1048 1050 1
1048 1051 1
1049 1052 1
1049 1053 1
1049 1054 1
1050 1055 1
1050 1056 1
1051 1056 1
1051 1057 1
1051 1058 1
1053 1054 1
1054 1058 1
1055 1059 1
1056 1059 1
1056 1060 1
1059 1061 1
1060 1061 1
1060 1065 1
1060 1067 1
1061 1062 1
1062 1063 1
1062 1064 1
1062 1065 1
1062 1066 1
1064 1065 1
1064 1066 1
1064 1068 1
1065 1068 1
1066 1069 1
1067 1068 1
1070 1071 1
1070 1072 1
1071 1072 1
1071 1073 1
1072 1074 1
1073 1074 1
1077 1078 1
1077 1079 1
1077 1080 1
1078 1081 1
1078 1082 1
1079 1083 1
1079 1084 1
1079 1085 1
1080 1084 1
1080 1086 1
1080 1087 1
1081 1083 1
1081 1088 1
1082 1086 1
1082 1089 1
1082 1090 1
1083 1091 1
1083 1092 1
1084 1093 1
1084 1094 1
1085 1092 1
1085 1093 1
1085 1095 1
1087 1094 1
1088 1089 1
1088 1096 1
1091 1096 1
1091 1097 1
1091 1098 1
1092 1098 1
1092 1099 1
1095 1099 1
1100 1101 1
1100 1102 1
1100 1103 1
1100 1104 1
1101 1102 1
1101 1105 1
1102 1106 1
1102 1107 1
1102 1108 1
1103 1109 1
1103 1110 1
1103 1111 1
1105 1109 1
1105 1112 1
1106 1113 1
1106 1114 1
1106 1115 1
1107 1108 1
1107 1113 1
1107 1116 1
1108 1117 1
1108 1118 1
1112 1118 1
1117 1118 1
1119 1120 1
1119 1121 1
1119 1122 1
1120 1123 1
1120 1124 1
1120 1125 1
1121 1123 1
1121 1126 1
1121 1127 1
1122 1128 1
1122 1129 1
1123 1125 1
1123 1127 1
1124 1129 1
1124 1130 1
1125 1131 1
1125 1132 1
1126 1127 1
1126 1133 1
1126 1134 1
1127 1131 1
1127 1135 1
1128 1133 1
1134 1135 1
1136 1137 1
1136 1138 1
1136 1139 1
1137 1140 1
1138 1141 1
1139 1142 1
1139 1143 1
1140 1144 1
1141 1197 1
1144 1145 1
1144 1146 1
1145 1147 1
1146 1148 1
1146 1149 1
1147 1150 1
1148 1227 1
1151 1152 1
1151 1153 1
1151 1154 1
1152 1155 1
1152 1156 1
1152 1157 1
1153 1158 1
1153 1159 1
1154 1160 1
1154 1161 1
1154 1162 1
1155 1158 1
1155 1163 1
1155 1164 1
1156 1165 1
1156 1166 1
1156 1167 1
1157 1163 1
1157 1166 1
1158 1168 1
1159 1169 1
1159 1170 1
1159 1171 1
1160 1165 1
1160 1175 1
1161 1170 1
1161 1176 1
1161 1177 1
1162 1175 1
1163 1173 1
1163 1174 1
1164 1168 1
1165 1178 1
1166 1182 1
1166 1183 1
1167 1179 1
1167 1180 1
1167 1181 1
1168 1171 1
1168 1172 1
1169 1172 1
1172 1173 1
1174 1182 1
1177 1184 1
1178 1180 1
1178 1184 1
1179 1183 1
1185 1186 1
1185 1187 1
1185 1188 1
1186 1189 1
1186 1190 1
1187 1191 1
1188 1192 1
1189 1193 1
1189 1194 1
1189 1195 1
1190 1192 1
1191 1193 1
1191 1199 1
1193 1196 1
1194 1195 1
1194 1197 1
1195 1196 1
1195 1198 1
1196 1200 1
1198 1200 1
1199 1201 1
1202 1203 1
1202 1204 1
1202 1205 1
1202 1206 1
1203 1207 1
1203 1208 1
1204 1207 1
1205 1209 1
1205 1210 1
1205 1211 1
1206 1208 1
1206 1209 1
1206 1212 1
1208 1213 1
1208 1214 1
1209 1211 1
1210 1211 1
1212 1214 1
1215 1216 1
1215 1217 1
1215 1218 1
1216 1219 1
1216 1220 1
1217 1221 1
1217 1222 1
1218 1223 1
1218 1224 1
1219 1220 1
1219 1221 1
1220 1225 1
1221 1225 1
1221 1226 1
1222 1227 1
1222 1228 1
1223 1224 1
1223 1233 1
1224 1234 1
1224 1235 1
1225 1229 1
1226 1230 1
1226 1231 1
1229 1232 1
1232 1240 1
1233 1236 1
1233 1237 1
1234 1236 1
1234 1238 1
1235 1238 1
1235 1239 1
1240 1254 1
1241 1242 1
1241 1243 1
1241 1244 1
1242 1245 1
1242 1246 1
1243 1244 1
1243 1247 1
1243 1248 1
1244 1249 1
1245 1247 1
1245 1250 1
1246 1251 1
1246 1252 1
1247 1248 1
1248 1253 1
1253 1255 1
1254 1262 1
1255 1259 1
1256 1257 1
1256 1258 1
1257 1259 1
1258 1260 1
1260 1261 1
1261 1263 1
1262 1264 1
1263 1266 1
1264 1265 1
1265 1266 1
1267 1268 1
1267 1269 1
1267 1270 1
1268 1270 1
1268 1271 1
1269 1272 1
1269 1273 1
1270 1274 1
1271 1275 1
1271 1276 1
1272 1275 1
1273 1277 1
1273 1278 1
1274 1277 1
1275 1276 1
1275 1279 1
1275 1280 1
1275 1281 1
1276 1282 1
1279 1284 1
1279 1285 1
1280 1281 1
1280 1283 1
1281 1283 1
1291 1292 1
1292 1293 1
1292 1294 1
1293 1294 1
1293 1295 1
1294 1296 1
1296 1297 1
1296 1298 1
1299 1300 1
1299 1301 1
1299 1302 1
1299 1303 1
1300 1301 1
1300 1304 1
1301 1305 1
1302 1306 1
1302 1307 1
1303 1308 1
1303 1309 1
1304 1309 1
1304 1310 1
1304 1311 1
1305 1312 1
1305 1313 1
1310 1313 1
1314 1315 1
1314 1316 1
1314 1317 1
1314 1318 1
1315 1319 1
1315 1320 1
1315 1321 1
1316 1319 1
1316 1322 1
1317 1323 1
1317 1324 1
1318 1324 1
1318 1325 1
1318 1326 1
1319 1327 1
1320 1321 1
1320 1327 1
1320 1328 1
1320 1329 1
1321 1326 1
1321 1330 1
1322 1323 1
1322 1332 1
1322 1333 1
1323 1489 1
1323 1490 1
1324 1491 1
1327 1331 1
1328 1331 1
1329 1330 1
1331 1333 1
1332 1489 1
1332 1492 1
1332 1493 1
1333 1493 1
1333 1494 1
1334 1335 1
1334 1336 1
1334 1337 1
1334 1338 1
1335 1339 1
1336 1340 1
1336 1341 1
1337 1342 1
1337 1343 1
1337 1344 1
1338 1344 1
1338 1345 1
1338 1346 1
1339 1340 1
1339 1342 1
1340 1347 1
1341 1348 1
1341 1349 1
1342 1350 1
1342 1352 1
1343 1536 1
1343 1537 1
1344 1537 1
1344 1538 1
1345 1817 1
1345 1918 1
1346 1348 1
1346 1902 1
1346 1903 1
1347 1350 1
1347 1351 1
1350 1352 1
1350 1521 1
1351 1520 1
1351 1526 1
1352 1530 1
1352 1535 1
1353 1354 1
1353 1355 1
1353 1356 1
1354 1357 1
1355 1358 1
1355 1359 1
1356 1360 1
1357 1363 1
1357 1364 1
1358 1359 1
1358 1361 1
1359 1368 1
1361 1365 1
1362 1366 1
1362 1367 1
1369 1370 1
1369 1371 1
1369 1372 1
1370 1373 1
1370 1374 1
1371 1375 1
1372 1374 1
1372 1376 1
1373 1377 1
1373 1378 1
1374 1378 1
1374 1379 1
1375 1380 1
1375 1381 1
1376 1485 1
1377 1390 1
1378 1393 1
1378 1394 1
1379 1484 1
1379 1485 1
1380 1382 1
1380 1383 1
1381 1384 1
1381 1385 1
1381 1386 1
1382 1387 1
1382 1388 1
1383 1389 1
1384 1719 1
1385 1734 1
1385 1746 1
1386 1747 1
1387 1390 1
1388 1389 1
1388 1391 1
1388 1392 1
1389 1721 1
1391 1719 1
1391 1722 1
1391 1723 1
1391 1724 1
1392 1393 1
1392 1486 1
1392 1724 1
1393 1486 1
1394 1487 1
1394 1488 1
1395 1396 1
1395 1397 1
1395 1398 1
1396 1399 1
1397 1400 1
1397 1401 1
1398 1402 1
1398 1403 1
1399 1404 1
1400 1427 1
1400 1432 1
1400 1433 1
1401 1445 1
1401 1446 1
1404 1405 1
1405 1406 1
1405 1407 1
1406 1408 1
1407 1409 1
1407 1410 1
1407 1411 1
1408 1412 1
1408 1413 1
1412 1414 1
1413 1414 1
1413 1415 1
1414 1416 1
1416 1417 1
1416 1418 1
1417 1419 1
1417 1420 1
1418 1421 1
1418 1422 1
1419 1423 1
1419 1424 1
1420 1425 1
1420 1426 1
1423 1427 1
1423 1428 1
1424 1429 1
1424 1430 1
1427 1431 1
1428 1430 1
1431 1434 1
1431 1435 1
1432 1436 1
1432 1437 1
1433 1438 1
1433 1439 1
1434 1438 1
1436 1440 1
1436 1441 1
1436 1442 1
1437 1442 1
1439 1445 1
1440 1441 1
1440 1443 1
1441 1444 1
1442 1444 1
1447 1448 1
1447 1449 1
1447 1450 1
1448 1449 1
1448 1451 1
1449 1452 1
1450 1453 1
1450 1454 1
1450 1455 1
1451 1456 1
1451 1457 1
1452 1458 1
1452 1459 1
1453 1454 1
1453 1460 1
1454 1461 1
1460 1462 1
1460 1463 1
1464 1465 1
1464 1466 1
1465 1467 1
1465 1468 1
1466 1469 1
1466 1470 1
1466 1471 1
1467 1472 1
1467 1473 1
1468 1471 1
1468 1474 1
1469 1472 1
1469 1475 1
1470 1475 1
1470 1476 1
1471 1477 1
1472 1478 1
1472 1479 1
1473 1479 1
1473 1483 1
1474 1483 1
1475 1480 1
1476 1477 1
1478 1481 1
1478 1482 1
1479 1481 1
1480 1482 1
1484 1485 1
1486 1731 1
1489 1496 1
1489 1497 1
1490 1491 1
1490 1495 1
1495 1497 1
1498 1499 1
1498 1500 1
1498 1501 1
1498 1502 1
1499 1503 1
1499 1504 1
1499 1505 1
1500 1503 1
1500 1506 1
1500 1507 1
1501 1507 1
1501 1508 1
1501 1509 1
1502 1510 1
1502 1511 1
1503 1512 1
1503 1513 1
1504 1514 1
1504 1515 1
1504 1516 1
1505 1513 1
1505 1517 1
1506 1507 1
1506 1512 1
1507 1508 1
1508 1649 1
1508 1674 1
1508 1675 1
1509 1655 1
1509 1776 1
1510 1831 1
1511 1777 1
1511 1836 1
1512 1518 1
1513 1518 1
1513 1519 1
1514 1732 1
1514 1755 1
1515 1743 1
1515 1826 1
1516 1827 1
1516 1828 1
1517 1717 1
1517 1761 1
1518 1602 1
1518 1609 1
1519 1717 1
1519 1718 1
1520 1521 1
1520 1522 1
1520 1523 1
1521 1524 1
1521 1525 1
1522 1527 1
1523 1528 1
1523 1529 1
1524 1530 1
1524 1531 1
1524 1532 1
1525 1533 1
1525 1534 1
1528 1529 1
1529 1534 1
1530 1577 1
1531 1578 1
1531 1579 1
1532 1580 1
1532 1581 1
1533 1581 1
1535 1536 1
1535 1582 1
1536 1583 1
1537 1583 1
1537 1586 1
1538 1670 1
1538 1918 1
1539 1540 1
1539 1541 1
1540 1542 1
1540 1543 1
1541 1544 1
1541 1545 1
1542 1546 1
1543 1545 1
1543 1547 1
1544 1595 1
1545 1598 1
1546 1549 1
1546 1550 1
1547 1693 1
1548 1550 1
1548 1551 1
1551 1889 1
1552 1596 1
1552 1597 1
1553 1554 1
1553 1555 1
1553 1556 1
1554 1557 1
1554 1558 1
1555 1559 1
1555 1560 1
1556 1561 1
1557 1562 1
1557 1563 1
1558 1564 1
1558 1565 1
1559 1560 1
1559 1562 1
1559 1566 1
1560 1567 1
1562 1568 1
1562 1569 1
1563 1574 1
1563 1576 1
1566 1570 1
1566 1571 1
1566 1572 1
1568 1574 1
1568 1575 1
1569 1570 1
1569 1573 1
1570 1571 1
1573 1575 1
1577 1582 1
1578 1593 1
1578 1600 1
1578 1606 1
1579 1582 1
1579 1591 1
1579 1610 1
1580 1604 1
1580 1613 1
1580 1835 1
1581 1835 1
1583 1584 1
1583 1585 1
1584 1616 1
1584 1617 1
1585 1605 1
1585 1616 1
1586 1662 1
1586 1667 1
1586 1668 1
1587 1588 1
1587 1589 1
1587 1590 1
1588 1589 1
1588 1591 1
1590 1592 1
1590 1593 1
1591 1594 1
1592 1593 1
1592 1594 1
1594 1602 1
1596 1679 1
1596 1680 1
1597 1686 1
1597 1687 1
1598 1681 1
1598 1690 1
1599 1600 1
1599 1601 1
1599 1602 1
1600 1603 1
1600 1604 1
1602 1605 1
1603 1607 1
1604 1608 1
1607 1611 1
1609 1611 1
1609 1612 1
1610 1615 1
1610 1617 1
1610 1618 1
1611 1613 1
1612 1613 1
1612 1614 1
1614 1824 1
1615 1616 1
1615 1617 1
1619 1620 1
1619 1621 1
1619 1622 1
1620 1623 1
1620 1624 1
1620 1625 1
1620 1626 1
1621 1627 1
1621 1628 1
1621 1629 1
1622 1630 1
1622 1631 1
1622 1632 1
1623 1627 1
1623 1633 1
1623 1634 1
1624 1626 1
1624 1635 1
1625 1636 1
1625 1637 1
1625 1638 1
1626 1632 1
1626 1635 1
1627 1634 1
1628 1639 1
1628 1640 1
1629 1641 1
1630 1631 1
1633 1638 1
1633 1642 1
1634 1639 1
1640 1641 1
1643 1644 1
1643 1645 1
1643 1646 1
1643 1647 1
1643 1648 1
1644 1648 1
1644 1649 1
1645 1650 1
1645 1651 1
1645 1652 1
1646 1648 1
1646 1653 1
1646 1655 1
1647 1652 1
1647 1653 1
1647 1654 1
1648 1656 1
1649 1656 1
1649 1657 1
1651 1658 1
1651 1659 1
1652 1654 1
1652 1658 1
1653 1769 1
1653 1770 1
1654 1770 1
1654 1775 1
1655 1769 1
1655 1774 1
1656 1676 1
1657 1678 1
1658 1660 1
1658 1661 1
1661 1662 1
1661 1663 1
1662 1664 1
1663 1665 1
1663 1666 1
1665 1906 1
1665 1913 1
1667 1669 1
1667 1670 1
1667 1671 1
1668 1671 1
1668 1672 1
1668 1673 1
1669 1781 1
1669 1782 1
1669 1818 1
1670 1818 1
1671 1916 1
1672 1906 1
1672 1907 1
1672 1908 1
1673 1911 1
1673 1916 1
1673 1924 1
1674 1675 1
1674 1676 1
1674 1677 1
1675 1676 1
1675 1678 1
1679 1681 1
1679 1682 1
1680 1683 1
1680 1684 1
1681 1688 1
1682 1688 1
1682 1689 1
1686 1694 1
1686 1695 1
1688 1691 1
1688 1692 1
1690 1691 1
1690 1693 1
1694 1697 1
1694 1703 1
1694 1704 1
1695 1708 1
1695 1709 1
1697 1700 1
1698 1701 1
1698 1702 1
1699 1702 1
1700 1705 1
1700 1706 1
1703 1706 1
1703 1707 1
1704 1708 1
1710 1711 1
1710 1712 1
1711 1713 1
1711 1714 1
1712 1715 1
1712 1716 1
1718 1765 1
1718 1766 1
1718 1821 1
1719 1720 1
1719 1721 1
1720 1725 1
1720 1726 1
1721 1727 1
1722 1723 1
1722 1725 1
1722 1728 1
1723 1725 1
1723 1729 1
1723 1730 1
1724 1730 1
1724 1731 1
1725 1732 1
1726 1733 1
1726 1734 1
1729 1756 1
1729 1757 1
1730 1757 1
1730 1758 1
1731 1758 1
1732 1735 1
1732 1736 1
1733 1738 1
1733 1746 1
1735 1748 1
1735 1752 1
1736 1753 1
1736 1754 1
1737 1738 1
1737 1739 1
1737 1740 1
1738 1741 1
1739 1742 1
1739 1743 1
1740 1744 1
1740 1745 1
1741 1746 1
1741 1747 1
1742 1748 1
1742 1749 1
1743 1745 1
1743 1750 1
1744 1829 1
1744 1868 1
1744 1869 1
1748 1751 1
1750 1826 1
1750 1829 1
1753 1759 1
1753 1760 1
1754 1760 1
1754 1761 1
1756 1763 1
1756 1766 1
1757 1768 1
1758 1768 1
1758 1825 1
1759 1762 1
1759 1763 1
1760 1764 1
1761 1764 1
1763 1765 1
1764 1765 1
1766 1767 1
1767 1820 1
1767 1821 1
1768 1819 1
1769 1771 1
1769 1772 1
1770 1772 1
1770 1773 1
1771 1777 1
1771 1826 1
1771 1832 1
1772 1839 1
1772 1840 1
1774 1776 1
1774 1777 1
1775 1909 1
1777 1830 1
1778 1779 1
1778 1780 1
1779 1781 1
1779 1782 1
1779 1783 1
1780 1784 1
1780 1785 1
1780 1786 1
1781 1787 1
1781 1788 1
1782 1789 1
1783 1789 1
1783 1790 1
1783 1791 1
1784 1792 1
1784 1793 1
1785 1793 1
1785 1794 1
1785 1795 1
1786 1790 1
1786 1796 1
1787 1810 1
1787 1814 1
1788 1816 1
1788 1817 1
1789 1916 1
1789 1917 1
1790 1923 1
1791 1922 1
1792 1797 1
1793 1798 1
1794 1798 1
1794 1803 1
1794 1804 1
1795 1941 1
1795 1942 1
1797 1799 1
1798 1800 1
1800 1801 1
1800 1802 1
1801 1802 1
1801 1805 1
1802 1806 1
1802 1807 1
1803 1806 1
1803 1939 1
1803 1940 1
1805 1808 1
1805 1809 1
1806 1940 1
1806 1948 1
1807 1900 1
1808 1809 1
1808 1810 1
1809 1811 1
1809 1812 1
1810 1813 1
1811 1812 1
1811 1894 1
1811 1895 1
1812 1900 1
1813 1814 1
1813 1815 1
1814 1815 1
1815 1816 1
1816 1905 1
1818 1918 1
1819 1822 1
1819 1824 1
1820 1822 1
1820 1823 1
1821 1823 1
1822 1823 1
1825 1835 1
1826 1827 1
1827 1830 1
1828 1833 1
1828 1834 1
1829 1832 1
1830 1831 1
1831 1836 1
1832 1837 1
1832 1838 1
1837 1839 1
1838 1871 1
1838 1873 1
1838 1874 1
1841 1842 1
1841 1843 1
1841 1844 1
1841 1845 1
1842 1846 1
1842 1847 1
1842 1848 1
1843 1846 1
1843 1849 1
1843 1850 1
1844 1851 1
1844 1852 1
1845 1850 1
1845 1853 1
1845 1854 1
1846 1855 1
1846 1856 1
1847 1859 1
1847 1860 1
1848 1856 1
1848 1857 1
1848 1858 1
1849 1863 1
1849 1865 1
1849 1866 1
1850 1866 1
1850 1867 1
1851 1860 1
1853 1854 1
1855 1863 1
1855 1864 1
1856 1861 1
1856 1862 1
1857 1859 1
1858 1861 1
1868 1870 1
1868 1871 1
1869 1872 1
1870 1874 1
1875 1876 1
1875 1877 1
1875 1878 1
1875 1879 1
1876 1880 1
1876 1881 1
1876 1882 1
1877 1880 1
1877 1883 1
1878 1884 1
1878 1885 1
1879 1885 1
1879 1886 1
1880 1881 1
1881 1887 1
1881 1888 1
1882 1889 1
1882 1890 1
1882 1891 1
1883 1892 1
1883 1893 1
1886 1892 1
1888 1892 1
1889 1890 1
1894 1896 1
1894 1897 1
1895 1898 1
1895 1899 1
1895 1900 1
1896 1901 1
1896 1902 1
1898 1899 1
1898 1901 1
1899 1903 1
1899 1904 1
1902 1903 1
1906 1908 1
1906 1909 1
1907 1910 1
1908 1911 1
1908 1912 1
1909 1914 1
1909 1915 1
1910 1913 1
1911 1912 1
1916 1919 1
1917 1919 1
1917 1920 1
1917 1921 1
1919 1920 1
1919 1925 1
1921 1952 1
1921 1954 1
1921 1956 1
1922 1923 1
1926 1927 1
1926 1928 1
1926 1929 1
1927 1930 1
1927 1931 1
1928 1932 1
1928 1933 1
1929 1934 1
1929 1935 1
1930 1936 1
1930 1937 1
1931 1935 1
1931 1938 1
1937 1938 1
1939 1941 1
1939 1943 1
1940 1946 1
1940 1947 1
1941 1943 1
1941 1944 1
1943 1944 1
1944 1945 1
1945 1950 1
1945 1954 1
1946 1947 1
1946 1959 1
1946 1962 1
1947 1963 1
1947 1964 1
1948 1963 1
1949 1950 1
1949 1951 1
1949 1952 1
1949 1953 1
1950 1952 1
1950 1954 1
1951 1953 1
1951 1955 1
1953 1956 1
1953 1957 1
1954 1958 1
1955 1959 1
1955 1960 1
1959 1960 1
1960 1961 1
1961 1962 1
1962 1965 1
1962 1966 1
1965 1966 1
1965 1984 1
1966 1975 1
1967 1968 1
1967 1969 1
1967 1970 1
1967 1971 1
1968 1972 1
1968 1973 1
1969 1972 1
1969 1974 1
1969 1975 1
1970 1976 1
1970 1977 1
1971 1978 1
1971 1979 1
1972 1980 1
1973 1980 1
1973 1981 1
1974 1982 1
1974 1983 1
1975 1984 1
1975 1985 1
1976 1977 1
1976 1987 1
1977 1988 1
1980 1986 1
1982 1985 1
1982 1992 1
1985 1995 1
1985 1999 1
1987 1989 1
1987 1990 1
1987 1991 1
1988 1991 1
1989 1992 1
1989 1993 1
1990 1991 1
1990 1993 1
1990 1994 1
1992 1995 1
1993 1996 1
1995 1997 1
1995 1998 1
