261 6000
0 1 1
0 2 1
0 3 1
0 4 1
0 5 1
0 6 1
0 7 1
0 8 1
0 9 1
0 10 1
0 11 1
0 13 1
0 15 1
0 16 1
0 18 1
0 20 1
0 21 1
0 23 1
0 24 1
0 25 1
0 28 1
0 30 1
0 31 1
0 32 1
0 34 1
0 35 1
0 36 1
0 37 1
0 38 1
0 39 1
0 40 1
0 41 1
0 42 1
0 43 1
0 44 1
0 45 1
0 46 1
0 47 1
0 49 1
0 50 1
0 53 1
0 54 1
0 55 1
0 56 1
0 57 1
0 58 1
0 59 1
0 60 1
0 61 1
0 63 1
0 64 1
0 66 1
0 67 1
0 74 1
0 75 1
0 76 1
0 78 1
0 80 1
0 81 1
0 82 1
0 85 1
0 87 1
0 89 1
0 90 1
0 92 1
0 93 1
0 94 1
0 97 1
0 101 1
0 105 1
0 106 1
0 107 1
0 110 1
0 113 1
0 115 1
0 118 1
0 119 1
0 121 1
0 122 1
0 124 1
0 127 1
0 128 1
0 129 1
0 133 1
0 134 1
0 137 1
0 138 1
0 139 1
0 142 1
0 144 1
0 151 1
0 153 1
0 156 1
0 165 1
0 166 1
0 171 1
0 174 1
0 184 1
0 194 1
0 216 1
1 2 1
1 3 1
1 4 1
1 5 1
1 6 1
1 7 1
1 8 1
1 9 1
1 10 1
1 11 1
1 12 1
1 13 1
1 14 1
1 15 1
1 16 1
1 17 1
1 18 1
1 19 1
1 20 1
1 21 1
1 22 1
1 23 1
1 24 1
1 25 1
1 26 1
1 27 1
1 28 1
1 29 1
1 30 1
1 31 1
1 32 1
1 34 1
1 35 1
1 36 1
1 37 1
1 38 1
1 39 1
1 40 1
1 41 1
1 42 1
1 44 1
1 45 1
1 46 1
1 47 1
1 49 1
1 50 1
1 53 1
1 54 1
1 55 1
1 56 1
1 57 1
1 58 1
1 59 1
1 60 1
1 61 1
1 62 1
1 63 1
1 64 1
1 65 1
1 66 1
1 67 1
1 70 1
1 71 1
1 74 1
1 75 1
1 76 1
1 77 1
1 78 1
1 79 1
1 80 1
1 81 1
1 82 1
1 83 1
1 84 1
1 86 1
1 87 1
1 88 1
1 89 1
1 90 1
1 91 1
1 92 1
1 93 1
1 94 1
1 96 1
1 97 1
1 100 1
1 101 1
1 102 1
1 103 1
1 104 1
1 105 1
1 106 1
1 107 1
1 108 1
1 110 1
1 111 1
1 112 1
1 113 1
1 115 1
1 118 1
1 119 1
1 120 1
1 121 1
1 122 1
1 123 1
1 124 1
1 125 1
1 126 1
1 127 1
1 128 1
1 129 1
1 130 1
1 132 1
1 133 1
1 134 1
1 135 1
1 136 1
1 137 1
1 138 1
1 140 1
1 141 1
1 142 1
1 144 1
1 145 1
1 148 1
1 150 1
1 151 1
1 152 1
1 153 1
1 154 1
1 156 1
1 159 1
1 160 1
1 161 1
1 163 1
1 164 1
1 165 1
1 166 1
1 167 1
1 171 1
1 172 1
1 174 1
1 176 1
1 179 1
1 181 1
1 182 1
1 184 1
1 185 1
1 187 1
1 190 1
1 191 1
1 193 1
1 194 1
1 195 1
1 197 1
1 199 1
1 200 1
1 202 1
2 3 1
2 6 1
2 8 1
2 9 1
2 11 1
2 14 1
2 16 1
2 18 1
2 20 1
2 21 1
2 25 1
2 34 1
2 35 1
2 38 1
2 39 1
2 40 1
2 41 1
2 42 1
2 44 1
2 49 1
2 50 1
2 53 1
2 54 1
2 57 1
2 59 1
2 60 1
2 61 1
2 63 1
2 64 1
2 66 1
2 67 1
2 74 1
2 75 1
2 76 1
2 77 1
2 78 1
2 79 1
2 82 1
2 83 1
2 86 1
2 87 1
2 88 1
2 89 1
2 90 1
2 92 1
2 93 1
2 97 1
2 103 1
2 107 1
2 110 1
2 115 1
2 122 1
2 123 1
2 124 1
2 126 1
2 127 1
2 138 1
2 139 1
2 148 1
2 156 1
2 165 1
2 166 1
2 171 1
2 174 1
2 182 1
2 189 1
2 200 1
3 5 1
3 6 1
3 8 1
3 9 1
3 12 1
3 13 1
3 14 1
3 16 1
3 18 1
3 19 1
3 20 1
3 21 1
3 22 1
3 25 1
3 27 1
3 31 1
3 34 1
3 35 1
3 38 1
3 39 1
3 40 1
3 41 1
3 42 1
3 43 1
3 44 1
3 45 1
3 47 1
3 48 1
3 50 1
3 53 1
3 56 1
3 57 1
3 58 1
3 59 1
3 60 1
3 61 1
3 63 1
3 64 1
3 65 1
3 66 1
3 67 1
3 70 1
3 72 1
3 73 1
3 76 1
3 77 1
3 78 1
3 79 1
3 80 1
3 81 1
3 82 1
3 83 1
3 84 1
3 85 1
3 86 1
3 87 1
3 88 1
3 89 1
3 90 1
3 92 1
3 94 1
3 96 1
3 97 1
3 99 1
3 102 1
3 103 1
3 104 1
3 105 1
3 106 1
3 107 1
3 110 1
3 113 1
3 114 1
3 115 1
3 119 1
3 121 1
3 122 1
3 123 1
3 128 1
3 129 1
3 131 1
3 135 1
3 136 1
3 139 1
3 140 1
3 142 1
3 145 1
3 146 1
3 148 1
3 149 1
3 150 1
3 152 1
3 155 1
3 156 1
3 157 1
3 159 1
3 160 1
3 164 1
3 166 1
3 172 1
3 173 1
3 174 1
3 176 1
3 179 1
3 180 1
3 184 1
3 192 1
3 194 1
3 195 1
3 197 1
3 199 1
3 200 1
4 5 1
4 9 1
4 10 1
4 11 1
4 18 1
4 20 1
4 23 1
4 24 1
4 25 1
4 26 1
4 28 1
4 30 1
4 32 1
4 34 1
4 35 1
4 36 1
4 38 1
4 40 1
4 41 1
4 42 1
4 44 1
4 45 1
4 46 1
4 50 1
4 53 1
4 54 1
4 56 1
4 59 1
4 60 1
4 61 1
4 63 1
4 66 1
4 67 1
4 71 1
4 76 1
4 78 1
4 81 1
4 82 1
4 83 1
4 87 1
4 89 1
4 90 1
4 91 1
4 93 1
4 97 1
4 101 1
4 106 1
4 107 1
4 110 1
4 115 1
4 119 1
4 122 1
4 133 1
4 139 1
4 142 1
4 148 1
4 154 1
4 156 1
4 173 1
4 174 1
4 184 1
5 6 1
5 7 1
5 8 1
5 9 1
5 10 1
5 11 1
5 13 1
5 15 1
5 16 1
5 18 1
5 19 1
5 20 1
5 21 1
5 22 1
5 23 1
5 24 1
5 25 1
5 26 1
5 27 1
5 28 1
5 30 1
5 31 1
5 32 1
5 34 1
5 35 1
5 36 1
5 38 1
5 40 1
5 41 1
5 43 1
5 45 1
5 46 1
5 47 1
5 49 1
5 50 1
5 53 1
5 54 1
5 57 1
5 58 1
5 59 1
5 60 1
5 61 1
5 63 1
5 64 1
5 66 1
5 67 1
5 68 1
5 69 1
5 70 1
5 71 1
5 75 1
5 76 1
5 77 1
5 78 1
5 79 1
5 80 1
5 81 1
5 82 1
5 83 1
5 88 1
5 89 1
5 90 1
5 91 1
5 92 1
5 93 1
5 94 1
5 96 1
5 97 1
5 101 1
5 104 1
5 106 1
5 107 1
5 108 1
5 110 1
5 113 1
5 115 1
5 118 1
5 119 1
5 121 1
5 122 1
5 123 1
5 124 1
5 125 1
5 127 1
5 129 1
5 130 1
5 135 1
5 136 1
5 137 1
5 140 1
5 142 1
5 144 1
5 148 1
5 150 1
5 151 1
5 152 1
5 153 1
5 155 1
5 156 1
5 163 1
5 164 1
5 166 1
5 171 1
5 173 1
5 174 1
5 176 1
5 179 1
5 180 1
5 181 1
5 184 1
5 190 1
5 193 1
5 194 1
5 199 1
5 200 1
5 202 1
6 7 1
6 8 1
6 9 1
6 10 1
6 18 1
6 20 1
6 21 1
6 23 1
6 25 1
6 30 1
6 31 1
6 32 1
6 34 1
6 35 1
6 36 1
6 38 1
6 39 1
6 40 1
6 41 1
6 44 1
6 49 1
6 50 1
6 53 1
6 57 1
6 58 1
6 59 1
6 60 1
6 61 1
6 63 1
6 66 1
6 67 1
6 74 1
6 75 1
6 76 1
6 78 1
6 81 1
6 82 1
6 87 1
6 88 1
6 89 1
6 90 1
6 92 1
6 94 1
6 97 1
6 100 1
6 101 1
6 107 1
6 115 1
6 122 1
6 124 1
6 125 1
6 126 1
6 127 1
6 128 1
6 129 1
6 138 1
6 139 1
6 151 1
6 166 1
6 174 1
7 8 1
7 9 1
7 10 1
7 14 1
7 18 1
7 20 1
7 25 1
7 34 1
7 35 1
7 36 1
7 38 1
7 40 1
7 47 1
7 53 1
7 61 1
7 63 1
7 67 1
7 78 1
7 80 1
7 81 1
7 88 1
7 90 1
7 93 1
7 97 1
7 115 1
7 122 1
7 126 1
7 139 1
7 148 1
7 174 1
7 194 1
8 9 1
8 10 1
8 11 1
8 15 1
8 16 1
8 18 1
8 20 1
8 21 1
8 23 1
8 24 1
8 25 1
8 28 1
8 29 1
8 31 1
8 32 1
8 34 1
8 35 1
8 36 1
8 38 1
8 39 1
8 40 1
8 41 1
8 42 1
8 43 1
8 44 1
8 46 1
8 47 1
8 49 1
8 50 1
8 53 1
8 54 1
8 56 1
8 57 1
8 58 1
8 59 1
8 60 1
8 61 1
8 63 1
8 64 1
8 66 1
8 67 1
8 75 1
8 76 1
8 78 1
8 80 1
8 81 1
8 82 1
8 83 1
8 85 1
8 88 1
8 89 1
8 90 1
8 92 1
8 94 1
8 97 1
8 101 1
8 106 1
8 107 1
8 115 1
8 121 1
8 122 1
8 124 1
8 128 1
8 130 1
8 134 1
8 137 1
8 139 1
8 142 1
8 144 1
8 148 1
8 151 1
8 153 1
8 156 1
8 171 1
8 173 1
8 174 1
8 184 1
8 194 1
8 200 1
9 10 1
9 11 1
9 13 1
9 14 1
9 15 1
9 16 1
9 18 1
9 19 1
9 20 1
9 21 1
9 22 1
9 23 1
9 24 1
9 25 1
9 26 1
9 28 1
9 30 1
9 31 1
9 32 1
9 34 1
9 35 1
9 36 1
9 38 1
9 40 1
9 41 1
9 42 1
9 45 1
9 46 1
9 47 1
9 49 1
9 50 1
9 53 1
9 54 1
9 56 1
9 57 1
9 58 1
9 59 1
9 60 1
9 61 1
9 63 1
9 64 1
9 66 1
9 67 1
9 70 1
9 71 1
9 75 1
9 76 1
9 78 1
9 79 1
9 80 1
9 82 1
9 83 1
9 85 1
9 86 1
9 87 1
9 88 1
9 89 1
9 90 1
9 92 1
9 93 1
9 94 1
9 96 1
9 97 1
9 100 1
9 101 1
9 102 1
9 104 1
9 106 1
9 107 1
9 108 1
9 110 1
9 111 1
9 113 1
9 115 1
9 118 1
9 119 1
9 121 1
9 122 1
9 123 1
9 124 1
9 125 1
9 127 1
9 129 1
9 130 1
9 133 1
9 136 1
9 137 1
9 138 1
9 140 1
9 141 1
9 142 1
9 144 1
9 148 1
9 151 1
9 153 1
9 156 1
9 159 1
9 162 1
9 163 1
9 166 1
9 173 1
9 174 1
9 184 1
9 194 1
10 11 1
10 12 1
10 13 1
10 14 1
10 16 1
10 18 1
10 20 1
10 21 1
10 22 1
10 23 1
10 24 1
10 25 1
10 26 1
10 28 1
10 30 1
10 31 1
10 32 1
10 35 1
10 36 1
10 37 1
10 38 1
10 39 1
10 40 1
10 41 1
10 42 1
10 43 1
10 44 1
10 45 1
10 46 1
10 47 1
10 49 1
10 50 1
10 53 1
10 54 1
10 55 1
10 56 1
10 57 1
10 58 1
10 59 1
10 60 1
10 61 1
10 63 1
10 64 1
10 65 1
10 66 1
10 67 1
10 68 1
10 71 1
10 74 1
10 75 1
10 76 1
10 77 1
10 78 1
10 79 1
10 80 1
10 81 1
10 82 1
10 83 1
10 85 1
10 86 1
10 87 1
10 88 1
10 89 1
10 90 1
10 92 1
10 94 1
10 97 1
10 100 1
10 101 1
10 103 1
10 106 1
10 107 1
10 110 1
10 113 1
10 115 1
10 122 1
10 123 1
10 124 1
10 125 1
10 126 1
10 128 1
10 131 1
10 136 1
10 137 1
10 139 1
10 140 1
10 142 1
10 144 1
10 145 1
10 148 1
10 150 1
10 151 1
10 153 1
10 156 1
10 164 1
10 166 1
10 167 1
10 171 1
10 172 1
10 174 1
10 179 1
10 181 1
10 184 1
10 194 1
10 200 1
10 216 1
11 12 1
11 13 1
11 15 1
11 18 1
11 20 1
11 25 1
11 30 1
11 34 1
11 35 1
11 39 1
11 40 1
11 41 1
11 42 1
11 43 1
11 44 1
11 45 1
11 49 1
11 50 1
11 53 1
11 54 1
11 55 1
11 56 1
11 59 1
11 61 1
11 63 1
11 64 1
11 66 1
11 67 1
11 68 1
11 71 1
11 74 1
11 75 1
11 76 1
11 78 1
11 79 1
11 80 1
11 81 1
11 82 1
11 85 1
11 87 1
11 89 1
11 90 1
11 92 1
11 94 1
11 97 1
11 100 1
11 102 1
11 106 1
11 107 1
11 110 1
11 111 1
11 115 1
11 122 1
11 124 1
11 127 1
11 129 1
11 133 1
11 137 1
11 138 1
11 139 1
11 142 1
11 144 1
11 148 1
11 151 1
11 153 1
11 156 1
11 165 1
11 173 1
11 174 1
11 178 1
11 184 1
12 13 1
12 16 1
12 18 1
12 21 1
12 25 1
12 26 1
12 31 1
12 32 1
12 36 1
12 38 1
12 40 1
12 46 1
12 53 1
12 56 1
12 59 1
12 63 1
12 66 1
12 67 1
12 68 1
12 70 1
12 75 1
12 78 1
12 80 1
12 83 1
12 86 1
12 88 1
12 90 1
12 92 1
12 93 1
12 94 1
12 96 1
12 101 1
12 107 1
12 110 1
12 113 1
12 115 1
12 122 1
12 124 1
12 126 1
12 130 1
12 150 1
12 151 1
12 164 1
12 173 1
12 177 1
12 184 1
12 205 1
12 217 1
13 14 1
13 16 1
13 18 1
13 19 1
13 20 1
13 21 1
13 22 1
13 23 1
13 27 1
13 28 1
13 30 1
13 31 1
13 33 1
13 35 1
13 37 1
13 38 1
13 39 1
13 40 1
13 42 1
13 43 1
13 47 1
13 53 1
13 54 1
13 55 1
13 56 1
13 59 1
13 62 1
13 63 1
13 65 1
13 67 1
13 69 1
13 72 1
13 74 1
13 75 1
13 76 1
13 78 1
13 79 1
13 80 1
13 82 1
13 84 1
13 86 1
13 87 1
13 88 1
13 90 1
13 92 1
13 93 1
13 94 1
13 95 1
13 97 1
13 101 1
13 102 1
13 103 1
13 104 1
13 105 1
13 106 1
13 107 1
13 108 1
13 110 1
13 112 1
13 113 1
13 115 1
13 118 1
13 120 1
13 121 1
13 122 1
13 123 1
13 131 1
13 132 1
13 133 1
13 134 1
13 135 1
13 136 1
13 139 1
13 140 1
13 141 1
13 142 1
13 143 1
13 144 1
13 145 1
13 146 1
13 150 1
13 151 1
13 152 1
13 153 1
13 154 1
13 155 1
13 156 1
13 159 1
13 163 1
13 164 1
13 165 1
13 169 1
13 172 1
13 176 1
13 179 1
13 182 1
13 185 1
13 193 1
13 194 1
13 195 1
13 197 1
13 199 1
13 217 1
14 15 1
14 20 1
14 21 1
14 23 1
14 26 1
14 28 1
14 31 1
14 32 1
14 34 1
14 36 1
14 39 1
14 40 1
14 42 1
14 53 1
14 57 1
14 63 1
14 66 1
14 70 1
14 74 1
14 78 1
14 81 1
14 82 1
14 87 1
14 89 1
14 90 1
14 92 1
14 95 1
14 101 1
14 102 1
14 107 1
14 126 1
14 139 1
14 151 1
14 153 1
14 184 1
14 216 1
15 16 1
15 18 1
15 20 1
15 21 1
15 23 1
15 25 1
15 26 1
15 28 1
15 29 1
15 30 1
15 31 1
15 32 1
15 34 1
15 35 1
15 36 1
15 38 1
15 39 1
15 40 1
15 42 1
15 44 1
15 45 1
15 46 1
15 50 1
15 53 1
15 54 1
15 56 1
15 58 1
15 59 1
15 61 1
15 63 1
15 64 1
15 65 1
15 66 1
15 67 1
15 75 1
15 76 1
15 78 1
15 79 1
15 80 1
15 82 1
15 83 1
15 87 1
15 89 1
15 90 1
15 92 1
15 94 1
15 97 1
15 100 1
15 101 1
15 102 1
15 103 1
15 106 1
15 107 1
15 110 1
15 112 1
15 115 1
15 122 1
15 123 1
15 125 1
15 126 1
15 128 1
15 132 1
15 136 1
15 137 1
15 139 1
15 142 1
15 144 1
15 148 1
15 151 1
15 156 1
15 165 1
15 166 1
15 167 1
15 171 1
15 174 1
15 179 1
15 184 1
15 194 1
15 200 1
15 202 1
16 17 1
16 18 1
16 19 1
16 20 1
16 21 1
16 22 1
16 24 1
16 27 1
16 28 1
16 30 1
16 33 1
16 34 1
16 35 1
16 39 1
16 40 1
16 42 1
16 43 1
16 44 1
16 45 1
16 47 1
16 49 1
16 53 1
16 54 1
16 55 1
16 56 1
16 57 1
16 61 1
16 63 1
16 64 1
16 65 1
16 67 1
16 68 1
16 71 1
16 76 1
16 78 1
16 79 1
16 80 1
16 81 1
16 82 1
16 83 1
16 84 1
16 85 1
16 86 1
16 87 1
16 88 1
16 89 1
16 90 1
16 92 1
16 96 1
16 97 1
16 100 1
16 101 1
16 104 1
16 105 1
16 106 1
16 107 1
16 110 1
16 112 1
16 113 1
16 115 1
16 117 1
16 118 1
16 119 1
16 120 1
16 121 1
16 122 1
16 123 1
16 124 1
16 130 1
16 131 1
16 132 1
16 133 1
16 136 1
16 139 1
16 140 1
16 142 1
16 144 1
16 145 1
16 146 1
16 148 1
16 150 1
16 153 1
16 154 1
16 155 1
16 156 1
16 164 1
16 166 1
16 173 1
16 174 1
16 176 1
16 182 1
16 185 1
16 190 1
16 197 1
16 201 1
16 217 1
17 21 1
17 33 1
17 45 1
17 48 1
17 56 1
17 63 1
17 78 1
17 79 1
17 80 1
17 83 1
17 84 1
17 86 1
17 90 1
17 99 1
17 105 1
17 106 1
17 118 1
17 119 1
17 121 1
17 136 1
17 140 1
17 146 1
17 147 1
17 149 1
17 154 1
17 155 1
17 165 1
17 180 1
17 189 1
18 19 1
18 20 1
18 21 1
18 22 1
18 23 1
18 24 1
18 25 1
18 26 1
18 28 1
18 29 1
18 31 1
18 32 1
18 33 1
18 34 1
18 35 1
18 36 1
18 37 1
18 38 1
18 39 1
18 40 1
18 41 1
18 42 1
18 44 1
18 45 1
18 46 1
18 47 1
18 49 1
18 50 1
18 53 1
18 54 1
18 55 1
18 56 1
18 57 1
18 58 1
18 59 1
18 60 1
18 61 1
18 63 1
18 64 1
18 65 1
18 67 1
18 68 1
18 76 1
18 78 1
18 79 1
18 80 1
18 81 1
18 82 1
18 83 1
18 85 1
18 87 1
18 88 1
18 89 1
18 90 1
18 92 1
18 94 1
18 95 1
18 96 1
18 97 1
18 100 1
18 101 1
18 103 1
18 104 1
18 105 1
18 106 1
18 107 1
18 108 1
18 110 1
18 112 1
18 115 1
18 118 1
18 119 1
18 121 1
18 122 1
18 123 1
18 124 1
18 125 1
18 127 1
18 128 1
18 129 1
18 132 1
18 133 1
18 137 1
18 138 1
18 139 1
18 140 1
18 141 1
18 142 1
18 144 1
18 148 1
18 151 1
18 153 1
18 154 1
18 156 1
18 164 1
18 165 1
18 171 1
18 172 1
18 174 1
18 184 1
18 185 1
18 194 1
18 200 1
18 216 1
19 21 1
19 27 1
19 34 1
19 45 1
19 54 1
19 63 1
19 64 1
19 70 1
19 76 1
19 78 1
19 81 1
19 90 1
19 91 1
19 96 1
19 102 1
19 110 1
19 118 1
19 119 1
19 121 1
19 134 1
19 136 1
19 139 1
19 140 1
19 145 1
19 164 1
19 165 1
19 176 1
20 21 1
20 22 1
20 23 1
20 24 1
20 25 1
20 26 1
20 28 1
20 29 1
20 30 1
20 31 1
20 32 1
20 34 1
20 35 1
20 36 1
20 38 1
20 39 1
20 40 1
20 41 1
20 42 1
20 44 1
20 45 1
20 46 1
20 47 1
20 49 1
20 50 1
20 53 1
20 54 1
20 57 1
20 58 1
20 59 1
20 61 1
20 63 1
20 64 1
20 65 1
20 66 1
20 67 1
20 70 1
20 71 1
20 75 1
20 76 1
20 78 1
20 79 1
20 80 1
20 81 1
20 82 1
20 83 1
20 86 1
20 88 1
20 89 1
20 90 1
20 92 1
20 93 1
20 94 1
20 96 1
20 97 1
20 101 1
20 105 1
20 106 1
20 107 1
20 108 1
20 110 1
20 113 1
20 115 1
20 121 1
20 122 1
20 123 1
20 124 1
20 126 1
20 128 1
20 129 1
20 130 1
20 132 1
20 134 1
20 137 1
20 138 1
20 139 1
20 142 1
20 144 1
20 148 1
20 151 1
20 153 1
20 154 1
20 156 1
20 165 1
20 166 1
20 171 1
20 173 1
20 182 1
20 184 1
20 194 1
20 216 1
21 23 1
21 24 1
21 26 1
21 28 1
21 30 1
21 31 1
21 32 1
21 33 1
21 35 1
21 36 1
21 37 1
21 38 1
21 39 1
21 40 1
21 41 1
21 42 1
21 44 1
21 45 1
21 46 1
21 47 1
21 49 1
21 50 1
21 55 1
21 56 1
21 57 1
21 58 1
21 59 1
21 60 1
21 61 1
21 63 1
21 65 1
21 66 1
21 67 1
21 70 1
21 74 1
21 75 1
21 76 1
21 78 1
21 79 1
21 80 1
21 81 1
21 82 1
21 84 1
21 86 1
21 87 1
21 88 1
21 89 1
21 90 1
21 92 1
21 94 1
21 96 1
21 97 1
21 101 1
21 102 1
21 105 1
21 106 1
21 107 1
21 108 1
21 110 1
21 111 1
21 112 1
21 113 1
21 115 1
21 118 1
21 121 1
21 122 1
21 123 1
21 124 1
21 125 1
21 127 1
21 128 1
21 129 1
21 130 1
21 131 1
21 132 1
21 133 1
21 134 1
21 135 1
21 136 1
21 137 1
21 138 1
21 139 1
21 140 1
21 141 1
21 142 1
21 145 1
21 147 1
21 149 1
21 151 1
21 153 1
21 154 1
21 155 1
21 156 1
21 163 1
21 164 1
21 165 1
21 166 1
21 168 1
21 171 1
21 173 1
21 176 1
21 184 1
21 185 1
21 190 1
21 195 1
21 216 1
22 23 1
22 30 1
22 32 1
22 39 1
22 42 1
22 47 1
22 56 1
22 63 1
22 65 1
22 70 1
22 78 1
22 79 1
22 81 1
22 84 1
22 86 1
22 87 1
22 90 1
22 94 1
22 95 1
22 96 1
22 99 1
22 101 1
22 103 1
22 104 1
22 105 1
22 106 1
22 107 1
22 112 1
22 121 1
22 123 1
22 128 1
22 132 1
22 139 1
22 140 1
22 141 1
22 150 1
22 151 1
22 159 1
22 164 1
22 165 1
22 179 1
23 24 1
23 25 1
23 26 1
23 28 1
23 30 1
23 31 1
23 32 1
23 34 1
23 35 1
23 36 1
23 38 1
23 40 1
23 41 1
23 44 1
23 45 1
23 46 1
23 50 1
23 53 1
23 54 1
23 56 1
23 57 1
23 58 1
23 59 1
23 60 1
23 61 1
23 63 1
23 64 1
23 65 1
23 66 1
23 67 1
23 70 1
23 71 1
23 74 1
23 75 1
23 76 1
23 78 1
23 79 1
23 80 1
23 81 1
23 82 1
23 83 1
23 85 1
23 88 1
23 89 1
23 90 1
23 92 1
23 93 1
23 94 1
23 97 1
23 101 1
23 103 1
23 106 1
23 107 1
23 110 1
23 112 1
23 113 1
23 115 1
23 119 1
23 122 1
23 123 1
23 124 1
23 125 1
23 126 1
23 127 1
23 128 1
23 136 1
23 137 1
23 139 1
23 140 1
23 142 1
23 148 1
23 150 1
23 151 1
23 153 1
23 156 1
23 159 1
23 166 1
23 172 1
23 173 1
23 174 1
23 179 1
23 184 1
23 194 1
23 200 1
24 25 1
24 28 1
24 30 1
24 35 1
24 36 1
24 40 1
24 41 1
24 42 1
24 44 1
24 45 1
24 46 1
24 47 1
24 50 1
24 53 1
24 54 1
24 55 1
24 56 1
24 61 1
24 63 1
24 64 1
24 65 1
24 66 1
24 67 1
24 71 1
24 72 1
24 76 1
24 78 1
24 79 1
24 82 1
24 83 1
24 84 1
24 87 1
24 90 1
24 91 1
24 92 1
24 93 1
24 96 1
24 97 1
24 99 1
24 101 1
24 102 1
24 106 1
24 107 1
24 110 1
24 111 1
24 115 1
24 119 1
24 122 1
24 123 1
24 133 1
24 140 1
24 141 1
24 142 1
24 145 1
24 148 1
24 150 1
24 151 1
24 152 1
24 153 1
24 154 1
24 156 1
24 160 1
24 165 1
24 166 1
24 169 1
24 171 1
24 174 1
24 184 1
24 185 1
24 193 1
24 197 1
24 200 1
25 26 1
25 28 1
25 29 1
25 30 1
25 31 1
25 32 1
25 34 1
25 36 1
25 38 1
25 40 1
25 43 1
25 44 1
25 45 1
25 46 1
25 47 1
25 50 1
25 54 1
25 56 1
25 57 1
25 58 1
25 59 1
25 61 1
25 63 1
25 67 1
25 68 1
25 71 1
25 74 1
25 78 1
25 80 1
25 81 1
25 82 1
25 83 1
25 87 1
25 89 1
25 90 1
25 92 1
25 93 1
25 94 1
25 97 1
25 101 1
25 102 1
25 106 1
25 115 1
25 124 1
25 133 1
25 138 1
25 139 1
25 142 1
25 144 1
25 148 1
25 151 1
25 153 1
25 156 1
25 167 1
25 184 1
26 28 1
26 30 1
26 32 1
26 35 1
26 36 1
26 40 1
26 42 1
26 46 1
26 53 1
26 54 1
26 56 1
26 59 1
26 60 1
26 61 1
26 63 1
26 66 1
26 67 1
26 71 1
26 75 1
26 78 1
26 81 1
26 82 1
26 85 1
26 87 1
26 89 1
26 90 1
26 92 1
26 93 1
26 94 1
26 97 1
26 101 1
26 115 1
26 122 1
26 128 1
26 133 1
26 151 1
26 156 1
26 165 1
26 184 1
27 30 1
27 34 1
27 45 1
27 63 1
27 78 1
27 79 1
27 90 1
27 91 1
27 104 1
27 110 1
27 118 1
27 134 1
27 151 1
27 154 1
27 190 1
27 193 1
28 29 1
28 30 1
28 32 1
28 35 1
28 36 1
28 38 1
28 39 1
28 40 1
28 41 1
28 42 1
28 44 1
28 45 1
28 46 1
28 47 1
28 49 1
28 50 1
28 53 1
28 54 1
28 56 1
28 59 1
28 60 1
28 63 1
28 64 1
28 66 1
28 67 1
28 71 1
28 75 1
28 76 1
28 78 1
28 80 1
28 81 1
28 82 1
28 83 1
28 87 1
28 90 1
28 92 1
28 94 1
28 97 1
28 101 1
28 103 1
28 106 1
28 107 1
28 110 1
28 113 1
28 115 1
28 119 1
28 122 1
28 123 1
28 127 1
28 128 1
28 133 1
28 136 1
28 137 1
28 138 1
28 139 1
28 142 1
28 144 1
28 145 1
28 151 1
28 153 1
28 154 1
28 156 1
28 163 1
28 167 1
28 172 1
28 174 1
28 179 1
28 184 1
29 32 1
29 34 1
29 35 1
29 40 1
29 42 1
29 44 1
29 53 1
29 54 1
29 56 1
29 59 1
29 63 1
29 67 1
29 74 1
29 76 1
29 78 1
29 82 1
29 83 1
29 90 1
29 94 1
29 101 1
29 106 1
29 107 1
29 110 1
29 115 1
29 119 1
29 122 1
29 138 1
29 148 1
29 184 1
30 32 1
30 34 1
30 35 1
30 36 1
30 38 1
30 39 1
30 40 1
30 41 1
30 42 1
30 45 1
30 46 1
30 49 1
30 50 1
30 53 1
30 54 1
30 55 1
30 56 1
30 57 1
30 58 1
30 59 1
30 60 1
30 61 1
30 63 1
30 64 1
30 66 1
30 67 1
30 70 1
30 74 1
30 75 1
30 76 1
30 78 1
30 79 1
30 80 1
30 82 1
30 83 1
30 85 1
30 86 1
30 87 1
30 89 1
30 90 1
30 92 1
30 93 1
30 94 1
30 96 1
30 100 1
30 101 1
30 102 1
30 103 1
30 104 1
30 105 1
30 106 1
30 107 1
30 108 1
30 110 1
30 111 1
30 113 1
30 115 1
30 118 1
30 119 1
30 120 1
30 121 1
30 122 1
30 123 1
30 126 1
30 129 1
30 130 1
30 133 1
30 135 1
30 136 1
30 137 1
30 139 1
30 140 1
30 141 1
30 142 1
30 145 1
30 148 1
30 150 1
30 151 1
30 152 1
30 153 1
30 156 1
30 159 1
30 163 1
30 164 1
30 165 1
30 166 1
30 167 1
30 172 1
30 179 1
30 184 1
30 185 1
30 193 1
30 194 1
30 195 1
30 197 1
31 32 1
31 36 1
31 39 1
31 40 1
31 42 1
31 44 1
31 53 1
31 56 1
31 57 1
31 59 1
31 61 1
31 63 1
31 67 1
31 74 1
31 75 1
31 78 1
31 82 1
31 87 1
31 89 1
31 90 1
31 92 1
31 94 1
31 97 1
31 101 1
31 104 1
31 107 1
31 115 1
31 122 1
31 124 1
31 126 1
31 128 1
31 133 1
31 137 1
31 139 1
31 151 1
31 165 1
31 184 1
32 34 1
32 35 1
32 36 1
32 38 1
32 39 1
32 40 1
32 42 1
32 43 1
32 47 1
32 50 1
32 53 1
32 54 1
32 55 1
32 56 1
32 57 1
32 58 1
32 59 1
32 60 1
32 61 1
32 63 1
32 66 1
32 67 1
32 71 1
32 74 1
32 75 1
32 76 1
32 78 1
32 81 1
32 82 1
32 83 1
32 87 1
32 88 1
32 89 1
32 90 1
32 92 1
32 94 1
32 97 1
32 101 1
32 103 1
32 107 1
32 113 1
32 115 1
32 122 1
32 123 1
32 125 1
32 126 1
32 128 1
32 129 1
32 133 1
32 136 1
32 137 1
32 139 1
32 140 1
32 145 1
32 148 1
32 151 1
32 154 1
32 156 1
32 164 1
32 166 1
32 174 1
32 176 1
32 184 1
32 194 1
32 200 1
33 39 1
33 45 1
33 80 1
33 97 1
33 103 1
33 105 1
33 106 1
33 113 1
33 118 1
33 123 1
33 140 1
33 145 1
33 146 1
33 147 1
33 149 1
33 154 1
33 165 1
33 179 1
33 183 1
33 185 1
33 193 1
33 201 1
34 35 1
34 38 1
34 40 1
34 41 1
34 42 1
34 43 1
34 44 1
34 45 1
34 48 1
34 49 1
34 53 1
34 54 1
34 55 1
34 56 1
34 57 1
34 59 1
34 63 1
34 64 1
34 65 1
34 66 1
34 67 1
34 68 1
34 70 1
34 71 1
34 74 1
34 76 1
34 78 1
34 79 1
34 81 1
34 82 1
34 83 1
34 87 1
34 88 1
34 90 1
34 93 1
34 94 1
34 99 1
34 100 1
34 101 1
34 102 1
34 104 1
34 105 1
34 106 1
34 107 1
34 110 1
34 111 1
34 113 1
34 115 1
34 118 1
34 119 1
34 120 1
34 123 1
34 124 1
34 129 1
34 130 1
34 132 1
34 133 1
34 134 1
34 136 1
34 138 1
34 139 1
34 140 1
34 144 1
34 145 1
34 146 1
34 151 1
34 153 1
34 154 1
34 155 1
34 156 1
34 157 1
34 173 1
34 174 1
34 184 1
34 194 1
34 196 1
34 216 1
35 36 1
35 38 1
35 39 1
35 40 1
35 41 1
35 42 1
35 43 1
35 44 1
35 45 1
35 46 1
35 47 1
35 49 1
35 50 1
35 53 1
35 54 1
35 56 1
35 57 1
35 58 1
35 59 1
35 60 1
35 61 1
35 63 1
35 64 1
35 66 1
35 67 1
35 68 1
35 70 1
35 71 1
35 74 1
35 75 1
35 76 1
35 77 1
35 78 1
35 79 1
35 80 1
35 81 1
35 82 1
35 84 1
35 85 1
35 87 1
35 89 1
35 90 1
35 92 1
35 93 1
35 94 1
35 97 1
35 101 1
35 106 1
35 107 1
35 110 1
35 113 1
35 115 1
35 118 1
35 121 1
35 122 1
35 124 1
35 125 1
35 126 1
35 127 1
35 128 1
35 129 1
35 133 1
35 137 1
35 138 1
35 139 1
35 142 1
35 144 1
35 145 1
35 148 1
35 151 1
35 153 1
35 156 1
35 166 1
35 167 1
35 174 1
35 176 1
35 182 1
35 184 1
35 194 1
36 37 1
36 38 1
36 39 1
36 40 1
36 41 1
36 42 1
36 44 1
36 45 1
36 46 1
36 49 1
36 50 1
36 53 1
36 54 1
36 55 1
36 56 1
36 58 1
36 59 1
36 60 1
36 61 1
36 63 1
36 64 1
36 65 1
36 66 1
36 67 1
36 68 1
36 70 1
36 74 1
36 75 1
36 76 1
36 78 1
36 81 1
36 82 1
36 83 1
36 87 1
36 88 1
36 89 1
36 90 1
36 92 1
36 93 1
36 94 1
36 97 1
36 100 1
36 101 1
36 106 1
36 107 1
36 115 1
36 121 1
36 122 1
36 123 1
36 126 1
36 128 1
36 133 1
36 134 1
36 135 1
36 136 1
36 137 1
36 138 1
36 139 1
36 140 1
36 141 1
36 142 1
36 145 1
36 148 1
36 151 1
36 152 1
36 154 1
36 156 1
36 163 1
36 165 1
36 166 1
36 167 1
36 171 1
36 173 1
36 174 1
36 184 1
36 194 1
36 200 1
37 38 1
37 49 1
37 53 1
37 56 1
37 57 1
37 58 1
37 59 1
37 61 1
37 63 1
37 64 1
37 66 1
37 67 1
37 76 1
37 78 1
37 80 1
37 84 1
37 89 1
37 90 1
37 94 1
37 97 1
37 107 1
37 108 1
37 118 1
37 122 1
37 140 1
37 148 1
37 150 1
37 151 1
37 163 1
37 166 1
37 174 1
37 184 1
38 39 1
38 40 1
38 41 1
38 42 1
38 43 1
38 44 1
38 47 1
38 50 1
38 54 1
38 56 1
38 57 1
38 58 1
38 59 1
38 61 1
38 63 1
38 67 1
38 68 1
38 74 1
38 76 1
38 78 1
38 81 1
38 82 1
38 83 1
38 85 1
38 87 1
38 88 1
38 89 1
38 90 1
38 92 1
38 94 1
38 97 1
38 100 1
38 101 1
38 107 1
38 115 1
38 122 1
38 124 1
38 125 1
38 126 1
38 128 1
38 129 1
38 130 1
38 133 1
38 138 1
38 139 1
38 144 1
38 148 1
38 151 1
38 156 1
38 163 1
38 166 1
38 173 1
38 174 1
38 184 1
38 194 1
38 209 1
39 40 1
39 44 1
39 47 1
39 48 1
39 49 1
39 50 1
39 53 1
39 59 1
39 61 1
39 63 1
39 65 1
39 66 1
39 67 1
39 70 1
39 73 1
39 75 1
39 76 1
39 78 1
39 79 1
39 81 1
39 82 1
39 83 1
39 85 1
39 86 1
39 87 1
39 89 1
39 90 1
39 92 1
39 94 1
39 96 1
39 97 1
39 101 1
39 102 1
39 103 1
39 104 1
39 105 1
39 106 1
39 107 1
39 110 1
39 115 1
39 121 1
39 122 1
39 123 1
39 126 1
39 129 1
39 131 1
39 132 1
39 134 1
39 137 1
39 138 1
39 139 1
39 140 1
39 141 1
39 143 1
39 146 1
39 151 1
39 153 1
39 162 1
39 164 1
39 165 1
39 173 1
39 176 1
39 184 1
39 194 1
39 200 1
39 201 1
39 205 1
40 41 1
40 42 1
40 43 1
40 44 1
40 45 1
40 46 1
40 47 1
40 49 1
40 50 1
40 53 1
40 54 1
40 55 1
40 56 1
40 57 1
40 58 1
40 59 1
40 60 1
40 61 1
40 63 1
40 64 1
40 66 1
40 67 1
40 70 1
40 71 1
40 74 1
40 75 1
40 76 1
40 78 1
40 79 1
40 80 1
40 81 1
40 82 1
40 83 1
40 87 1
40 88 1
40 89 1
40 90 1
40 92 1
40 93 1
40 94 1
40 97 1
40 100 1
40 101 1
40 103 1
40 106 1
40 107 1
40 110 1
40 113 1
40 115 1
40 119 1
40 121 1
40 122 1
40 123 1
40 124 1
40 126 1
40 127 1
40 128 1
40 132 1
40 133 1
40 134 1
40 137 1
40 139 1
40 142 1
40 144 1
40 148 1
40 151 1
40 153 1
40 156 1
40 166 1
40 171 1
40 173 1
40 174 1
40 182 1
40 184 1
40 194 1
41 44 1
41 46 1
41 47 1
41 49 1
41 50 1
41 53 1
41 54 1
41 57 1
41 58 1
41 59 1
41 63 1
41 64 1
41 66 1
41 67 1
41 75 1
41 76 1
41 78 1
41 81 1
41 82 1
41 87 1
41 89 1
41 90 1
41 92 1
41 94 1
41 97 1
41 101 1
41 106 1
41 115 1
41 122 1
41 124 1
41 128 1
41 137 1
41 151 1
41 167 1
41 184 1
42 45 1
42 46 1
42 47 1
42 49 1
42 53 1
42 54 1
42 56 1
42 57 1
42 58 1
42 59 1
42 60 1
42 61 1
42 63 1
42 64 1
42 66 1
42 70 1
42 74 1
42 75 1
42 76 1
42 78 1
42 80 1
42 82 1
42 83 1
42 84 1
42 86 1
42 87 1
42 88 1
42 89 1
42 90 1
42 92 1
42 93 1
42 94 1
42 97 1
42 100 1
42 101 1
42 102 1
42 106 1
42 107 1
42 108 1
42 110 1
42 111 1
42 113 1
42 115 1
42 118 1
42 119 1
42 120 1
42 121 1
42 122 1
42 124 1
42 125 1
42 126 1
42 133 1
42 135 1
42 136 1
42 137 1
42 138 1
42 140 1
42 142 1
42 150 1
42 151 1
42 153 1
42 154 1
42 159 1
42 161 1
42 166 1
42 172 1
42 174 1
42 176 1
42 179 1
42 182 1
42 184 1
42 197 1
43 46 1
43 49 1
43 50 1
43 53 1
43 61 1
43 64 1
43 67 1
43 68 1
43 69 1
43 79 1
43 82 1
43 83 1
43 88 1
43 89 1
43 90 1
43 92 1
43 94 1
43 99 1
43 100 1
43 106 1
43 107 1
43 110 1
43 113 1
43 115 1
43 118 1
43 129 1
43 144 1
43 153 1
43 156 1
43 173 1
43 178 1
43 217 1
44 45 1
44 46 1
44 49 1
44 50 1
44 53 1
44 54 1
44 57 1
44 59 1
44 63 1
44 64 1
44 65 1
44 66 1
44 67 1
44 71 1
44 74 1
44 75 1
44 76 1
44 78 1
44 79 1
44 80 1
44 81 1
44 82 1
44 83 1
44 89 1
44 90 1
44 92 1
44 94 1
44 97 1
44 101 1
44 106 1
44 107 1
44 110 1
44 115 1
44 121 1
44 122 1
44 123 1
44 124 1
44 126 1
44 128 1
44 137 1
44 138 1
44 139 1
44 142 1
44 151 1
44 153 1
44 156 1
44 165 1
44 166 1
44 171 1
44 174 1
44 182 1
44 184 1
44 194 1
45 46 1
45 50 1
45 54 1
45 55 1
45 56 1
45 59 1
45 61 1
45 63 1
45 64 1
45 66 1
45 67 1
45 75 1
45 76 1
45 78 1
45 79 1
45 83 1
45 84 1
45 87 1
45 90 1
45 92 1
45 93 1
45 94 1
45 96 1
45 97 1
45 101 1
45 102 1
45 105 1
45 106 1
45 107 1
45 108 1
45 110 1
45 111 1
45 113 1
45 115 1
45 118 1
45 119 1
45 120 1
45 121 1
45 123 1
45 124 1
45 127 1
45 130 1
45 131 1
45 133 1
45 134 1
45 136 1
45 139 1
45 140 1
45 142 1
45 145 1
45 146 1
45 148 1
45 150 1
45 151 1
45 153 1
45 154 1
45 156 1
45 165 1
45 173 1
45 174 1
45 176 1
45 184 1
46 49 1
46 50 1
46 53 1
46 54 1
46 55 1
46 56 1
46 59 1
46 61 1
46 63 1
46 64 1
46 67 1
46 68 1
46 74 1
46 75 1
46 76 1
46 78 1
46 79 1
46 81 1
46 82 1
46 83 1
46 85 1
46 89 1
46 90 1
46 92 1
46 93 1
46 94 1
46 97 1
46 100 1
46 101 1
46 107 1
46 110 1
46 115 1
46 124 1
46 133 1
46 139 1
46 142 1
46 144 1
46 148 1
46 151 1
46 153 1
46 156 1
46 173 1
46 174 1
47 48 1
47 50 1
47 56 1
47 57 1
47 58 1
47 59 1
47 63 1
47 64 1
47 65 1
47 67 1
47 70 1
47 76 1
47 78 1
47 79 1
47 80 1
47 81 1
47 82 1
47 83 1
47 87 1
47 89 1
47 90 1
47 92 1
47 94 1
47 96 1
47 98 1
47 101 1
47 106 1
47 110 1
47 111 1
47 112 1
47 117 1
47 118 1
47 123 1
47 124 1
47 129 1
47 131 1
47 139 1
47 153 1
47 156 1
47 164 1
47 165 1
47 173 1
47 176 1
47 184 1
47 201 1
47 209 1
48 63 1
48 70 1
48 73 1
48 83 1
48 84 1
48 86 1
48 90 1
48 96 1
48 98 1
48 105 1
48 113 1
48 116 1
48 117 1
48 118 1
48 130 1
48 135 1
48 136 1
48 140 1
48 145 1
48 146 1
48 147 1
48 158 1
48 162 1
48 169 1
48 173 1
48 176 1
48 177 1
48 180 1
48 192 1
48 201 1
48 208 1
49 50 1
49 53 1
49 54 1
49 55 1
49 56 1
49 57 1
49 58 1
49 59 1
49 60 1
49 61 1
49 63 1
49 64 1
49 65 1
49 66 1
49 67 1
49 71 1
49 75 1
49 76 1
49 77 1
49 78 1
49 81 1
49 82 1
49 83 1
49 85 1
49 87 1
49 88 1
49 89 1
49 90 1
49 92 1
49 94 1
49 97 1
49 100 1
49 103 1
49 106 1
49 107 1
49 110 1
49 115 1
49 122 1
49 124 1
49 127 1
49 128 1
49 129 1
49 133 1
49 137 1
49 139 1
49 142 1
49 144 1
49 148 1
49 153 1
49 154 1
49 156 1
49 163 1
49 167 1
49 171 1
49 173 1
49 174 1
49 178 1
49 184 1
49 194 1
49 216 1
50 53 1
50 54 1
50 55 1
50 56 1
50 57 1
50 59 1
50 61 1
50 63 1
50 64 1
50 66 1
50 67 1
50 71 1
50 74 1
50 76 1
50 78 1
50 79 1
50 81 1
50 82 1
50 83 1
50 85 1
50 87 1
50 89 1
50 90 1
50 92 1
50 93 1
50 94 1
50 96 1
50 97 1
50 101 1
50 106 1
50 107 1
50 110 1
50 111 1
50 115 1
50 122 1
50 124 1
50 126 1
50 128 1
50 133 1
50 137 1
50 138 1
50 139 1
50 142 1
50 148 1
50 151 1
50 154 1
50 156 1
50 165 1
50 171 1
50 173 1
50 174 1
50 176 1
50 184 1
50 194 1
51 52 1
51 158 1
51 168 1
51 186 1
51 203 1
52 72 1
52 79 1
52 80 1
52 84 1
52 117 1
52 157 1
52 158 1
52 170 1
52 203 1
52 207 1
52 210 1
52 211 1
52 215 1
52 218 1
53 54 1
53 56 1
53 57 1
53 58 1
53 59 1
53 61 1
53 63 1
53 64 1
53 67 1
53 68 1
53 70 1
53 71 1
53 74 1
53 76 1
53 77 1
53 78 1
53 80 1
53 81 1
53 82 1
53 83 1
53 87 1
53 88 1
53 89 1
53 90 1
53 92 1
53 97 1
53 100 1
53 101 1
53 102 1
53 106 1
53 107 1
53 111 1
53 115 1
53 124 1
53 126 1
53 127 1
53 129 1
53 133 1
53 137 1
53 138 1
53 139 1
53 142 1
53 144 1
53 148 1
53 151 1
53 153 1
53 156 1
53 167 1
53 171 1
53 173 1
53 182 1
53 184 1
53 185 1
54 55 1
54 56 1
54 57 1
54 59 1
54 61 1
54 63 1
54 64 1
54 66 1
54 67 1
54 68 1
54 71 1
54 74 1
54 75 1
54 76 1
54 78 1
54 81 1
54 82 1
54 83 1
54 85 1
54 87 1
54 89 1
54 90 1
54 92 1
54 93 1
54 94 1
54 97 1
54 101 1
54 102 1
54 103 1
54 107 1
54 110 1
54 113 1
54 122 1
54 127 1
54 129 1
54 130 1
54 131 1
54 133 1
54 136 1
54 137 1
54 139 1
54 142 1
54 144 1
54 148 1
54 151 1
54 153 1
54 156 1
54 166 1
54 167 1
54 173 1
54 174 1
54 176 1
54 182 1
54 184 1
54 194 1
55 56 1
55 63 1
55 66 1
55 67 1
55 78 1
55 80 1
55 81 1
55 83 1
55 84 1
55 85 1
55 89 1
55 90 1
55 92 1
55 93 1
55 96 1
55 100 1
55 101 1
55 104 1
55 106 1
55 110 1
55 113 1
55 118 1
55 130 1
55 133 1
55 135 1
55 136 1
55 142 1
55 150 1
55 153 1
55 163 1
55 179 1
55 184 1
55 195 1
56 58 1
56 59 1
56 61 1
56 63 1
56 64 1
56 66 1
56 67 1
56 70 1
56 71 1
56 76 1
56 78 1
56 79 1
56 80 1
56 82 1
56 83 1
56 84 1
56 88 1
56 89 1
56 91 1
56 92 1
56 93 1
56 94 1
56 96 1
56 99 1
56 100 1
56 101 1
56 102 1
56 103 1
56 105 1
56 106 1
56 107 1
56 108 1
56 110 1
56 111 1
56 113 1
56 115 1
56 118 1
56 119 1
56 121 1
56 122 1
56 123 1
56 124 1
56 125 1
56 126 1
56 129 1
56 130 1
56 133 1
56 135 1
56 136 1
56 141 1
56 142 1
56 144 1
56 145 1
56 150 1
56 151 1
56 152 1
56 153 1
56 155 1
56 159 1
56 163 1
56 164 1
56 165 1
56 172 1
56 173 1
56 176 1
56 179 1
56 184 1
56 185 1
56 194 1
56 195 1
56 199 1
56 202 1
57 58 1
57 59 1
57 61 1
57 63 1
57 64 1
57 66 1
57 67 1
57 68 1
57 76 1
57 77 1
57 78 1
57 81 1
57 82 1
57 83 1
57 85 1
57 87 1
57 88 1
57 89 1
57 90 1
57 92 1
57 97 1
57 103 1
57 107 1
57 115 1
57 119 1
57 122 1
57 123 1
57 124 1
57 128 1
57 129 1
57 133 1
57 136 1
57 139 1
57 144 1
57 148 1
57 156 1
57 171 1
57 173 1
57 174 1
57 184 1
57 194 1
58 59 1
58 61 1
58 63 1
58 64 1
58 66 1
58 67 1
58 75 1
58 76 1
58 77 1
58 78 1
58 81 1
58 82 1
58 83 1
58 87 1
58 88 1
58 89 1
58 90 1
58 92 1
58 93 1
58 94 1
58 97 1
58 100 1
58 101 1
58 106 1
58 115 1
58 122 1
58 124 1
58 128 1
58 129 1
58 133 1
58 137 1
58 139 1
58 148 1
58 151 1
58 156 1
58 166 1
58 174 1
58 184 1
58 194 1
58 200 1
58 216 1
59 60 1
59 61 1
59 63 1
59 64 1
59 65 1
59 66 1
59 67 1
59 70 1
59 74 1
59 75 1
59 76 1
59 78 1
59 81 1
59 82 1
59 83 1
59 85 1
59 87 1
59 88 1
59 89 1
59 90 1
59 92 1
59 93 1
59 94 1
59 97 1
59 101 1
59 103 1
59 106 1
59 107 1
59 110 1
59 115 1
59 118 1
59 121 1
59 122 1
59 123 1
59 124 1
59 126 1
59 127 1
59 128 1
59 133 1
59 134 1
59 136 1
59 137 1
59 138 1
59 139 1
59 148 1
59 151 1
59 153 1
59 156 1
59 163 1
59 165 1
59 173 1
59 174 1
59 176 1
59 182 1
59 184 1
59 194 1
59 216 1
60 61 1
60 63 1
60 66 1
60 70 1
60 74 1
60 76 1
60 78 1
60 81 1
60 89 1
60 90 1
60 94 1
60 97 1
60 101 1
60 107 1
60 124 1
60 125 1
60 128 1
60 129 1
60 133 1
60 142 1
60 151 1
60 173 1
60 176 1
61 63 1
61 64 1
61 66 1
61 67 1
61 68 1
61 76 1
61 78 1
61 80 1
61 81 1
61 82 1
61 85 1
61 86 1
61 88 1
61 89 1
61 90 1
61 92 1
61 94 1
61 97 1
61 100 1
61 101 1
61 103 1
61 106 1
61 107 1
61 115 1
61 122 1
61 123 1
61 124 1
61 126 1
61 128 1
61 133 1
61 137 1
61 138 1
61 139 1
61 142 1
61 144 1
61 145 1
61 148 1
61 150 1
61 151 1
61 153 1
61 156 1
61 167 1
61 174 1
61 176 1
61 184 1
61 194 1
61 200 1
62 63 1
62 74 1
62 78 1
62 90 1
62 106 1
62 136 1
63 64 1
63 65 1
63 66 1
63 67 1
63 68 1
63 69 1
63 70 1
63 71 1
63 74 1
63 75 1
63 76 1
63 77 1
63 78 1
63 79 1
63 80 1
63 81 1
63 82 1
63 83 1
63 84 1
63 85 1
63 86 1
63 87 1
63 88 1
63 89 1
63 90 1
63 91 1
63 92 1
63 93 1
63 94 1
63 95 1
63 96 1
63 97 1
63 99 1
63 100 1
63 101 1
63 102 1
63 103 1
63 104 1
63 105 1
63 106 1
63 107 1
63 108 1
63 110 1
63 111 1
63 112 1
63 113 1
63 115 1
63 118 1
63 119 1
63 120 1
63 121 1
63 122 1
63 123 1
63 124 1
63 125 1
63 126 1
63 127 1
63 128 1
63 129 1
63 130 1
63 132 1
63 133 1
63 134 1
63 135 1
63 136 1
63 137 1
63 138 1
63 139 1
63 140 1
63 141 1
63 142 1
63 144 1
63 145 1
63 148 1
63 149 1
63 150 1
63 151 1
63 152 1
63 153 1
63 154 1
63 156 1
63 159 1
63 160 1
63 161 1
63 163 1
63 164 1
63 165 1
63 166 1
63 167 1
63 169 1
63 171 1
63 172 1
63 173 1
63 174 1
63 176 1
63 178 1
63 179 1
63 180 1
63 181 1
63 182 1
63 184 1
63 185 1
63 187 1
63 190 1
63 191 1
63 193 1
63 194 1
63 195 1
63 197 1
63 199 1
63 200 1
63 201 1
63 202 1
63 212 1
63 217 1
63 218 1
64 66 1
64 67 1
64 71 1
64 74 1
64 76 1
64 78 1
64 79 1
64 81 1
64 82 1
64 83 1
64 87 1
64 88 1
64 89 1
64 90 1
64 92 1
64 94 1
64 97 1
64 100 1
64 101 1
64 106 1
64 110 1
64 113 1
64 115 1
64 118 1
64 119 1
64 121 1
64 124 1
64 127 1
64 128 1
64 129 1
64 133 1
64 138 1
64 139 1
64 142 1
64 148 1
64 151 1
64 156 1
64 173 1
64 174 1
64 184 1
65 70 1
65 75 1
65 78 1
65 79 1
65 81 1
65 86 1
65 90 1
65 94 1
65 96 1
65 97 1
65 101 1
65 103 1
65 104 1
65 105 1
65 106 1
65 107 1
65 108 1
65 111 1
65 112 1
65 113 1
65 121 1
65 122 1
65 123 1
65 128 1
65 132 1
65 134 1
65 140 1
65 141 1
65 151 1
65 153 1
65 154 1
65 164 1
65 165 1
65 176 1
65 185 1
65 200 1
66 67 1
66 68 1
66 71 1
66 74 1
66 75 1
66 76 1
66 78 1
66 80 1
66 81 1
66 82 1
66 85 1
66 87 1
66 89 1
66 90 1
66 92 1
66 94 1
66 100 1
66 101 1
66 106 1
66 110 1
66 115 1
66 122 1
66 124 1
66 128 1
66 129 1
66 133 1
66 137 1
66 138 1
66 139 1
66 142 1
66 144 1
66 151 1
66 153 1
66 156 1
66 162 1
66 163 1
66 165 1
66 166 1
66 167 1
66 173 1
66 184 1
66 190 1
66 194 1
67 68 1
67 70 1
67 71 1
67 74 1
67 75 1
67 76 1
67 78 1
67 79 1
67 80 1
67 81 1
67 82 1
67 83 1
67 87 1
67 88 1
67 89 1
67 90 1
67 92 1
67 93 1
67 94 1
67 100 1
67 101 1
67 103 1
67 106 1
67 107 1
67 110 1
67 112 1
67 113 1
67 115 1
67 119 1
67 122 1
67 123 1
67 124 1
67 125 1
67 126 1
67 127 1
67 128 1
67 129 1
67 133 1
67 134 1
67 137 1
67 138 1
67 139 1
67 142 1
67 144 1
67 148 1
67 151 1
67 153 1
67 156 1
67 163 1
67 166 1
67 171 1
67 174 1
67 182 1
67 184 1
67 194 1
67 216 1
68 72 1
68 80 1
68 83 1
68 90 1
68 92 1
68 93 1
68 107 1
68 113 1
68 115 1
68 122 1
68 124 1
68 130 1
68 140 1
68 145 1
68 153 1
68 156 1
68 162 1
68 166 1
68 173 1
68 197 1
69 70 1
69 81 1
69 90 1
69 94 1
69 100 1
69 173 1
69 209 1
70 78 1
70 84 1
70 86 1
70 87 1
70 90 1
70 94 1
70 96 1
70 98 1
70 103 1
70 105 1
70 107 1
70 115 1
70 121 1
70 122 1
70 123 1
70 137 1
70 140 1
70 141 1
70 145 1
70 146 1
70 150 1
70 151 1
70 169 1
70 172 1
70 173 1
70 176 1
70 179 1
70 180 1
70 193 1
70 215 1
71 76 1
71 78 1
71 79 1
71 81 1
71 82 1
71 83 1
71 85 1
71 90 1
71 92 1
71 97 1
71 101 1
71 107 1
71 115 1
71 148 1
71 151 1
71 156 1
71 171 1
71 173 1
71 174 1
71 184 1
72 73 1
72 83 1
72 84 1
72 90 1
72 96 1
72 98 1
72 99 1
72 104 1
72 106 1
72 116 1
72 143 1
72 158 1
72 168 1
72 170 1
72 183 1
72 186 1
72 192 1
72 198 1
72 205 1
72 207 1
72 208 1
72 213 1
72 214 1
73 83 1
73 84 1
73 99 1
73 140 1
73 143 1
73 146 1
73 160 1
73 169 1
73 170 1
73 173 1
73 201 1
73 211 1
74 75 1
74 76 1
74 78 1
74 81 1
74 83 1
74 89 1
74 90 1
74 92 1
74 93 1
74 97 1
74 101 1
74 115 1
74 122 1
74 126 1
74 127 1
74 128 1
74 129 1
74 137 1
74 138 1
74 139 1
74 145 1
74 151 1
74 156 1
74 174 1
74 182 1
74 184 1
75 76 1
75 78 1
75 79 1
75 81 1
75 87 1
75 88 1
75 89 1
75 90 1
75 93 1
75 94 1
75 96 1
75 97 1
75 101 1
75 106 1
75 107 1
75 112 1
75 115 1
75 122 1
75 123 1
75 127 1
75 128 1
75 129 1
75 133 1
75 137 1
75 138 1
75 151 1
75 156 1
75 165 1
75 173 1
75 174 1
75 176 1
75 182 1
75 184 1
75 194 1
76 77 1
76 78 1
76 79 1
76 81 1
76 82 1
76 83 1
76 86 1
76 87 1
76 89 1
76 90 1
76 92 1
76 94 1
76 97 1
76 100 1
76 101 1
76 106 1
76 107 1
76 110 1
76 112 1
76 113 1
76 115 1
76 121 1
76 122 1
76 124 1
76 126 1
76 128 1
76 129 1
76 131 1
76 133 1
76 134 1
76 137 1
76 138 1
76 142 1
76 144 1
76 151 1
76 153 1
76 154 1
76 156 1
76 164 1
76 165 1
76 166 1
76 171 1
76 173 1
76 174 1
76 176 1
76 182 1
76 184 1
76 200 1
77 78 1
77 82 1
77 90 1
77 92 1
77 101 1
78 79 1
78 80 1
78 81 1
78 82 1
78 83 1
78 84 1
78 85 1
78 86 1
78 87 1
78 88 1
78 89 1
78 90 1
78 91 1
78 92 1
78 93 1
78 94 1
78 96 1
78 97 1
78 100 1
78 101 1
78 102 1
78 103 1
78 104 1
78 105 1
78 106 1
78 107 1
78 108 1
78 110 1
78 111 1
78 112 1
78 113 1
78 115 1
78 118 1
78 119 1
78 120 1
78 121 1
78 122 1
78 123 1
78 124 1
78 125 1
78 126 1
78 127 1
78 128 1
78 129 1
78 130 1
78 132 1
78 133 1
78 134 1
78 135 1
78 136 1
78 137 1
78 138 1
78 140 1
78 141 1
78 142 1
78 144 1
78 145 1
78 148 1
78 150 1
78 151 1
78 152 1
78 153 1
78 154 1
78 156 1
78 159 1
78 160 1
78 161 1
78 163 1
78 164 1
78 165 1
78 166 1
78 167 1
78 171 1
78 172 1
78 174 1
78 176 1
78 179 1
78 181 1
78 182 1
78 184 1
78 185 1
78 187 1
78 190 1
78 191 1
78 193 1
78 194 1
78 195 1
78 197 1
78 199 1
78 200 1
78 202 1
79 80 1
79 81 1
79 82 1
79 83 1
79 87 1
79 89 1
79 90 1
79 91 1
79 96 1
79 97 1
79 100 1
79 101 1
79 102 1
79 104 1
79 106 1
79 107 1
79 108 1
79 110 1
79 111 1
79 112 1
79 115 1
79 116 1
79 117 1
79 118 1
79 120 1
79 121 1
79 122 1
79 123 1
79 130 1
79 131 1
79 132 1
79 133 1
79 136 1
79 140 1
79 142 1
79 151 1
79 153 1
79 154 1
79 155 1
79 156 1
79 157 1
79 164 1
79 165 1
79 169 1
79 173 1
79 176 1
79 185 1
79 190 1
79 193 1
79 197 1
80 81 1
80 82 1
80 84 1
80 85 1
80 87 1
80 90 1
80 92 1
80 94 1
80 97 1
80 100 1
80 101 1
80 105 1
80 109 1
80 112 1
80 122 1
80 130 1
80 133 1
80 136 1
80 147 1
80 149 1
80 151 1
80 154 1
80 156 1
80 162 1
80 163 1
80 176 1
80 184 1
80 194 1
80 201 1
81 82 1
81 83 1
81 84 1
81 86 1
81 89 1
81 90 1
81 92 1
81 94 1
81 97 1
81 101 1
81 103 1
81 104 1
81 105 1
81 106 1
81 107 1
81 108 1
81 110 1
81 112 1
81 113 1
81 115 1
81 119 1
81 122 1
81 123 1
81 125 1
81 128 1
81 129 1
81 130 1
81 137 1
81 140 1
81 148 1
81 150 1
81 151 1
81 153 1
81 155 1
81 156 1
81 159 1
81 164 1
81 166 1
81 172 1
81 173 1
81 174 1
81 178 1
81 179 1
81 180 1
81 184 1
81 194 1
81 199 1
81 202 1
82 83 1
82 87 1
82 88 1
82 89 1
82 90 1
82 92 1
82 93 1
82 97 1
82 100 1
82 101 1
82 106 1
82 107 1
82 110 1
82 113 1
82 115 1
82 122 1
82 124 1
82 129 1
82 138 1
82 139 1
82 142 1
82 144 1
82 148 1
82 151 1
82 156 1
82 171 1
82 173 1
82 174 1
82 184 1
82 194 1
82 200 1
82 216 1
83 84 1
83 85 1
83 87 1
83 89 1
83 90 1
83 92 1
83 93 1
83 94 1
83 96 1
83 98 1
83 100 1
83 101 1
83 106 1
83 110 1
83 112 1
83 113 1
83 115 1
83 117 1
83 118 1
83 119 1
83 120 1
83 121 1
83 122 1
83 124 1
83 130 1
83 131 1
83 133 1
83 134 1
83 138 1
83 139 1
83 142 1
83 143 1
83 144 1
83 146 1
83 148 1
83 150 1
83 151 1
83 153 1
83 154 1
83 156 1
83 158 1
83 160 1
83 167 1
83 169 1
83 173 1
83 174 1
83 184 1
83 187 1
83 190 1
83 196 1
83 199 1
84 90 1
84 91 1
84 94 1
84 98 1
84 99 1
84 101 1
84 105 1
84 106 1
84 112 1
84 117 1
84 118 1
84 119 1
84 120 1
84 129 1
84 130 1
84 131 1
84 139 1
84 143 1
84 146 1
84 150 1
84 152 1
84 153 1
84 154 1
84 158 1
84 159 1
84 160 1
84 161 1
84 162 1
84 170 1
84 172 1
84 173 1
84 179 1
84 181 1
84 183 1
84 186 1
84 187 1
84 195 1
84 196 1
84 199 1
84 201 1
84 203 1
84 205 1
84 208 1
84 211 1
84 214 1
85 87 1
85 89 1
85 90 1
85 93 1
85 94 1
85 97 1
85 105 1
85 107 1
85 110 1
85 113 1
85 124 1
85 125 1
85 140 1
85 142 1
85 150 1
85 151 1
85 153 1
85 159 1
85 163 1
85 165 1
85 184 1
86 87 1
86 90 1
86 96 1
86 97 1
86 99 1
86 101 1
86 105 1
86 107 1
86 112 1
86 121 1
86 123 1
86 124 1
86 128 1
86 133 1
86 140 1
86 146 1
86 150 1
86 151 1
86 176 1
86 201 1
87 89 1
87 92 1
87 93 1
87 94 1
87 96 1
87 97 1
87 100 1
87 102 1
87 103 1
87 106 1
87 107 1
87 108 1
87 110 1
87 111 1
87 113 1
87 115 1
87 119 1
87 122 1
87 123 1
87 124 1
87 125 1
87 126 1
87 130 1
87 133 1
87 136 1
87 137 1
87 138 1
87 140 1
87 141 1
87 142 1
87 145 1
87 150 1
87 151 1
87 153 1
87 159 1
87 161 1
87 163 1
87 166 1
87 172 1
87 174 1
87 179 1
87 182 1
87 184 1
87 185 1
87 195 1
87 197 1
88 89 1
88 90 1
88 92 1
88 93 1
88 97 1
88 100 1
88 101 1
88 103 1
88 106 1
88 115 1
88 122 1
88 124 1
88 128 1
88 133 1
88 137 1
88 139 1
88 151 1
88 166 1
88 171 1
88 173 1
89 90 1
89 92 1
89 93 1
89 94 1
89 95 1
89 97 1
89 100 1
89 101 1
89 106 1
89 107 1
89 110 1
89 115 1
89 119 1
89 122 1
89 124 1
89 127 1
89 128 1
89 129 1
89 133 1
89 137 1
89 138 1
89 139 1
89 142 1
89 144 1
89 148 1
89 151 1
89 153 1
89 154 1
89 156 1
89 159 1
89 163 1
89 166 1
89 173 1
89 174 1
89 182 1
89 184 1
89 194 1
89 200 1
90 92 1
90 93 1
90 94 1
90 95 1
90 96 1
90 97 1
90 100 1
90 101 1
90 102 1
90 103 1
90 104 1
90 105 1
90 106 1
90 107 1
90 108 1
90 110 1
90 111 1
90 112 1
90 113 1
90 115 1
90 118 1
90 119 1
90 120 1
90 121 1
90 122 1
90 123 1
90 124 1
90 125 1
90 126 1
90 127 1
90 128 1
90 129 1
90 130 1
90 132 1
90 133 1
90 134 1
90 135 1
90 136 1
90 137 1
90 138 1
90 139 1
90 140 1
90 141 1
90 142 1
90 144 1
90 145 1
90 146 1
90 148 1
90 150 1
90 151 1
90 152 1
90 153 1
90 154 1
90 156 1
90 159 1
90 160 1
90 161 1
90 163 1
90 164 1
90 165 1
90 166 1
90 169 1
90 171 1
90 172 1
90 173 1
90 174 1
90 176 1
90 178 1
90 179 1
90 181 1
90 182 1
90 184 1
90 185 1
90 187 1
90 190 1
90 191 1
90 193 1
90 194 1
90 195 1
90 197 1
90 199 1
90 200 1
90 202 1
90 205 1
90 209 1
90 218 1
91 92 1
91 102 1
91 106 1
91 110 1
91 111 1
91 133 1
91 141 1
91 153 1
91 199 1
92 94 1
92 97 1
92 100 1
92 101 1
92 103 1
92 106 1
92 107 1
92 110 1
92 113 1
92 115 1
92 118 1
92 122 1
92 124 1
92 127 1
92 130 1
92 133 1
92 137 1
92 138 1
92 139 1
92 142 1
92 144 1
92 148 1
92 151 1
92 153 1
92 154 1
92 156 1
92 163 1
92 165 1
92 167 1
92 171 1
92 173 1
92 174 1
92 182 1
92 184 1
92 194 1
92 202 1
92 216 1
93 100 1
93 101 1
93 106 1
93 107 1
93 110 1
93 115 1
93 119 1
93 127 1
93 128 1
93 129 1
93 133 1
93 139 1
93 142 1
93 144 1
93 153 1
93 156 1
93 174 1
93 184 1
94 96 1
94 97 1
94 101 1
94 104 1
94 107 1
94 110 1
94 112 1
94 115 1
94 122 1
94 123 1
94 124 1
94 125 1
94 128 1
94 133 1
94 137 1
94 139 1
94 140 1
94 144 1
94 148 1
94 150 1
94 151 1
94 153 1
94 155 1
94 159 1
94 162 1
94 166 1
94 171 1
94 172 1
94 173 1
94 174 1
94 176 1
94 179 1
94 182 1
94 184 1
94 194 1
94 209 1
95 99 1
95 103 1
95 104 1
95 107 1
95 108 1
95 112 1
95 124 1
95 129 1
95 159 1
95 172 1
95 179 1
95 189 1
95 199 1
96 99 1
96 104 1
96 105 1
96 107 1
96 110 1
96 112 1
96 118 1
96 119 1
96 123 1
96 131 1
96 132 1
96 133 1
96 134 1
96 139 1
96 150 1
96 153 1
96 154 1
96 156 1
96 162 1
96 165 1
96 185 1
96 201 1
97 100 1
97 101 1
97 105 1
97 106 1
97 107 1
97 110 1
97 112 1
97 115 1
97 121 1
97 122 1
97 125 1
97 126 1
97 127 1
97 128 1
97 129 1
97 132 1
97 137 1
97 138 1
97 139 1
97 151 1
97 153 1
97 156 1
97 165 1
97 166 1
97 171 1
97 174 1
97 184 1
97 200 1
97 216 1
98 99 1
98 105 1
98 106 1
98 109 1
98 118 1
98 121 1
98 129 1
98 131 1
98 136 1
98 142 1
98 143 1
98 146 1
98 162 1
98 168 1
98 169 1
98 173 1
98 177 1
98 180 1
98 185 1
98 190 1
98 205 1
99 106 1
99 107 1
99 108 1
99 116 1
99 118 1
99 119 1
99 131 1
99 140 1
99 141 1
99 146 1
99 147 1
99 149 1
99 158 1
99 159 1
99 169 1
99 172 1
99 177 1
99 179 1
99 180 1
99 183 1
99 188 1
99 189 1
99 192 1
99 195 1
99 206 1
99 207 1
99 208 1
99 218 1
100 106 1
100 107 1
100 113 1
100 115 1
100 122 1
100 133 1
100 136 1
100 140 1
100 141 1
100 142 1
100 153 1
100 163 1
100 164 1
100 184 1
100 194 1
101 102 1
101 103 1
101 104 1
101 106 1
101 107 1
101 110 1
101 113 1
101 115 1
101 119 1
101 121 1
101 122 1
101 123 1
101 124 1
101 125 1
101 126 1
101 127 1
101 133 1
101 135 1
101 136 1
101 137 1
101 138 1
101 140 1
101 142 1
101 145 1
101 148 1
101 150 1
101 151 1
101 153 1
101 154 1
101 156 1
101 159 1
101 164 1
101 165 1
101 166 1
101 171 1
101 172 1
101 173 1
101 174 1
101 179 1
101 184 1
101 194 1
101 197 1
101 200 1
101 202 1
102 103 1
102 106 1
102 107 1
102 110 1
102 111 1
102 112 1
102 113 1
102 118 1
102 123 1
102 133 1
102 135 1
102 136 1
102 137 1
102 140 1
102 141 1
102 142 1
102 150 1
102 152 1
102 153 1
102 154 1
102 184 1
102 185 1
102 208 1
103 105 1
103 106 1
103 107 1
103 111 1
103 112 1
103 121 1
103 123 1
103 132 1
103 133 1
103 134 1
103 140 1
103 150 1
103 151 1
103 162 1
103 164 1
103 165 1
103 173 1
104 106 1
104 107 1
104 114 1
104 118 1
104 120 1
104 130 1
104 132 1
104 133 1
104 139 1
104 140 1
104 150 1
104 151 1
104 153 1
104 162 1
104 168 1
104 185 1
104 205 1
104 215 1
105 107 1
105 112 1
105 121 1
105 123 1
105 133 1
105 140 1
105 141 1
105 145 1
105 151 1
105 153 1
105 161 1
105 162 1
105 174 1
105 201 1
106 107 1
106 110 1
106 112 1
106 115 1
106 118 1
106 119 1
106 121 1
106 122 1
106 123 1
106 124 1
106 127 1
106 131 1
106 133 1
106 134 1
106 136 1
106 139 1
106 140 1
106 141 1
106 142 1
106 144 1
106 148 1
106 150 1
106 151 1
106 153 1
106 154 1
106 156 1
106 160 1
106 164 1
106 165 1
106 169 1
106 171 1
106 173 1
106 174 1
106 176 1
106 180 1
106 181 1
106 182 1
106 193 1
107 110 1
107 111 1
107 112 1
107 113 1
107 115 1
107 118 1
107 120 1
107 121 1
107 122 1
107 123 1
107 124 1
107 128 1
107 129 1
107 130 1
107 132 1
107 133 1
107 134 1
107 139 1
107 140 1
107 141 1
107 142 1
107 148 1
107 150 1
107 151 1
107 153 1
107 156 1
107 165 1
107 174 1
107 176 1
107 182 1
107 184 1
107 194 1
107 199 1
107 216 1
107 217 1
108 113 1
108 131 1
108 133 1
108 136 1
108 139 1
108 140 1
108 141 1
108 154 1
108 156 1
108 162 1
109 164 1
109 169 1
110 111 1
110 113 1
110 115 1
110 118 1
110 119 1
110 131 1
110 133 1
110 134 1
110 138 1
110 139 1
110 142 1
110 146 1
110 148 1
110 150 1
110 151 1
110 153 1
110 154 1
110 156 1
110 167 1
110 173 1
110 176 1
110 184 1
110 190 1
111 112 1
111 115 1
111 120 1
111 121 1
111 123 1
111 136 1
111 141 1
111 142 1
111 150 1
111 152 1
111 153 1
111 154 1
111 185 1
111 193 1
112 113 1
112 115 1
112 122 1
112 123 1
112 132 1
112 140 1
112 150 1
112 153 1
112 154 1
112 194 1
113 118 1
113 119 1
113 124 1
113 131 1
113 132 1
113 133 1
113 139 1
113 141 1
113 144 1
113 145 1
113 146 1
113 148 1
113 153 1
113 154 1
113 155 1
113 156 1
113 173 1
113 184 1
113 193 1
113 201 1
114 186 1
115 119 1
115 121 1
115 122 1
115 123 1
115 124 1
115 125 1
115 126 1
115 127 1
115 128 1
115 129 1
115 133 1
115 134 1
115 136 1
115 137 1
115 138 1
115 139 1
115 142 1
115 144 1
115 148 1
115 151 1
115 153 1
115 156 1
115 165 1
115 166 1
115 173 1
115 182 1
115 184 1
115 190 1
115 194 1
115 216 1
116 117 1
116 169 1
116 186 1
116 188 1
116 198 1
116 201 1
117 143 1
117 146 1
117 153 1
117 157 1
117 158 1
117 169 1
117 170 1
117 172 1
117 175 1
117 188 1
117 192 1
117 203 1
117 207 1
117 210 1
117 211 1
118 119 1
118 120 1
118 121 1
118 123 1
118 130 1
118 131 1
118 134 1
118 136 1
118 139 1
118 144 1
118 146 1
118 153 1
118 154 1
118 156 1
118 173 1
118 176 1
118 190 1
118 192 1
118 201 1
118 205 1
118 217 1
119 120 1
119 131 1
119 133 1
119 134 1
119 136 1
119 139 1
119 146 1
119 151 1
119 153 1
120 123 1
120 130 1
120 136 1
120 145 1
120 153 1
120 154 1
120 190 1
121 123 1
121 140 1
121 142 1
121 145 1
121 150 1
121 151 1
121 153 1
121 154 1
121 159 1
121 165 1
121 179 1
121 199 1
122 123 1
122 124 1
122 125 1
122 126 1
122 127 1
122 128 1
122 129 1
122 131 1
122 133 1
122 135 1
122 137 1
122 138 1
122 139 1
122 144 1
122 151 1
122 153 1
122 163 1
122 165 1
122 166 1
122 167 1
122 182 1
122 184 1
122 216 1
123 124 1
123 125 1
123 128 1
123 130 1
123 132 1
123 133 1
123 134 1
123 139 1
123 140 1
123 141 1
123 142 1
123 145 1
123 150 1
123 151 1
123 153 1
123 156 1
123 162 1
123 164 1
123 165 1
123 171 1
123 184 1
123 185 1
123 186 1
123 200 1
124 129 1
124 137 1
124 138 1
124 139 1
124 142 1
124 144 1
124 148 1
124 151 1
124 166 1
124 173 1
124 174 1
124 176 1
124 182 1
124 194 1
124 200 1
125 133 1
125 137 1
125 139 1
125 151 1
125 165 1
126 133 1
126 138 1
126 139 1
126 151 1
126 184 1
127 130 1
127 139 1
127 151 1
127 153 1
127 156 1
127 166 1
127 167 1
127 171 1
127 173 1
128 137 1
128 148 1
128 151 1
128 171 1
128 174 1
128 184 1
128 194 1
128 200 1
129 130 1
129 137 1
129 144 1
129 151 1
129 174 1
129 194 1
129 200 1
130 131 1
130 133 1
130 136 1
130 139 1
130 146 1
130 150 1
130 153 1
130 155 1
130 156 1
130 165 1
130 173 1
130 190 1
130 194 1
130 196 1
130 216 1
130 217 1
130 219 1
131 137 1
131 140 1
131 146 1
131 150 1
131 153 1
131 164 1
131 169 1
131 176 1
131 198 1
131 208 1
132 140 1
132 141 1
132 150 1
132 152 1
132 153 1
132 197 1
132 200 1
133 135 1
133 136 1
133 140 1
133 141 1
133 142 1
133 150 1
133 151 1
133 153 1
133 156 1
133 159 1
133 163 1
133 166 1
133 167 1
133 169 1
133 172 1
133 176 1
133 179 1
133 184 1
133 194 1
133 195 1
133 197 1
134 135 1
134 140 1
134 141 1
134 150 1
134 152 1
134 153 1
134 154 1
134 165 1
134 184 1
134 219 1
135 140 1
135 151 1
135 153 1
135 185 1
135 197 1
136 139 1
136 140 1
136 141 1
136 146 1
136 151 1
136 153 1
136 154 1
136 165 1
136 184 1
136 185 1
136 190 1
136 197 1
136 201 1
136 214 1
137 138 1
137 144 1
137 156 1
137 173 1
137 174 1
137 182 1
137 184 1
138 142 1
138 156 1
138 173 1
139 140 1
139 142 1
139 148 1
139 150 1
139 151 1
139 161 1
139 163 1
139 166 1
139 174 1
139 176 1
139 179 1
139 182 1
139 184 1
139 194 1
139 200 1
140 141 1
140 142 1
140 147 1
140 149 1
140 150 1
140 151 1
140 153 1
140 154 1
140 155 1
140 158 1
140 162 1
140 165 1
140 173 1
140 185 1
140 197 1
140 201 1
141 142 1
141 146 1
141 150 1
141 151 1
141 163 1
141 165 1
141 169 1
141 185 1
141 214 1
142 143 1
142 144 1
142 148 1
142 150 1
142 151 1
142 153 1
142 156 1
142 163 1
142 167 1
142 173 1
142 174 1
142 179 1
142 184 1
142 185 1
142 214 1
143 146 1
143 158 1
143 169 1
143 170 1
143 177 1
143 192 1
143 218 1
144 156 1
144 164 1
144 166 1
144 173 1
144 184 1
144 194 1
145 153 1
145 165 1
145 173 1
145 176 1
145 190 1
146 147 1
146 149 1
146 153 1
146 169 1
146 172 1
146 173 1
146 175 1
146 176 1
146 188 1
146 192 1
146 201 1
146 206 1
146 207 1
146 208 1
146 211 1
147 149 1
147 180 1
147 201 1
148 151 1
148 153 1
148 156 1
148 173 1
148 184 1
150 151 1
150 164 1
150 185 1
151 152 1
151 155 1
151 156 1
151 159 1
151 163 1
151 165 1
151 166 1
151 167 1
151 172 1
151 174 1
151 184 1
151 200 1
152 190 1
153 154 1
153 156 1
153 164 1
153 173 1
153 174 1
153 176 1
153 185 1
153 189 1
153 190 1
153 193 1
153 196 1
153 197 1
153 211 1
153 216 1
154 155 1
154 156 1
154 176 1
154 185 1
155 217 1
156 171 1
156 174 1
156 178 1
156 179 1
156 184 1
156 194 1
157 158 1
157 164 1
157 169 1
157 175 1
157 183 1
157 188 1
157 210 1
157 211 1
157 214 1
158 169 1
158 173 1
158 186 1
158 188 1
158 189 1
158 192 1
158 201 1
158 207 1
158 213 1
159 170 1
159 172 1
159 179 1
160 162 1
160 187 1
160 189 1
160 198 1
160 201 1
160 204 1
160 205 1
160 210 1
160 212 1
161 162 1
161 172 1
162 173 1
162 187 1
162 191 1
162 193 1
162 204 1
162 205 1
162 212 1
162 217 1
163 173 1
163 184 1
164 165 1
164 190 1
164 200 1
165 171 1
165 172 1
165 176 1
165 179 1
165 184 1
166 184 1
166 194 1
166 216 1
167 184 1
168 169 1
168 173 1
168 211 1
168 215 1
169 170 1
169 173 1
169 177 1
169 183 1
169 186 1
169 188 1
169 192 1
169 198 1
169 201 1
169 203 1
169 206 1
169 207 1
169 210 1
169 211 1
169 213 1
169 214 1
170 188 1
170 192 1
170 203 1
170 211 1
170 218 1
171 172 1
171 184 1
173 177 1
173 178 1
173 184 1
173 188 1
173 192 1
173 203 1
173 205 1
173 207 1
173 209 1
173 214 1
174 184 1
174 194 1
174 216 1
175 180 1
175 192 1
175 205 1
175 210 1
175 211 1
175 213 1
177 207 1
178 209 1
179 189 1
179 214 1
180 212 1
181 187 1
182 184 1
183 201 1
184 194 1
184 200 1
186 188 1
186 203 1
187 199 1
187 205 1
188 192 1
188 198 1
188 201 1
188 203 1
188 207 1
188 209 1
189 192 1
190 194 1
190 196 1
190 197 1
191 200 1
191 205 1
192 203 1
192 206 1
192 212 1
192 213 1
192 215 1
193 197 1
198 206 1
198 211 1
198 212 1
201 207 1
203 207 1
203 210 1
204 205 1
204 212 1
205 212 1
206 207 1
206 209 1
207 209 1
207 214 1
209 214 1
210 211 1
211 215 1
220 221 1
221 235 1
222 223 1
222 236 1
224 225 1
226 227 1
226 228 1
226 244 1
228 249 1
228 258 1
229 230 1
231 232 1
233 234 1
233 246 1
235 253 1
237 238 1
237 241 1
239 240 1
239 250 1
239 254 1
240 250 1
242 243 1
242 250 1
243 245 1
247 248 1
250 257 1
251 252 1
255 256 1
259 260 1
