5000 6647
0 1 1
0 2 1
0 3 1
1 4 1
1 5 1
2 6 1
3 7 1
3 8 1
4 9 1
5 10 1
5 11 1
6 12 1
6 13 1
6 14 1
7 18 1
7 387 1
8 14 1
9 12 1
9 15 1
10 308 1
10 796 1
11 329 1
11 722 1
11 727 1
12 15 1
12 16 1
13 16 1
13 17 1
14 18 1
14 19 1
15 20 1
15 21 1
16 22 1
17 19 1
17 22 1
17 883 1
18 383 1
18 389 1
19 389 1
20 252 1
20 253 1
20 254 1
21 254 1
21 255 1
22 884 1
23 24 1
23 25 1
23 26 1
24 27 1
25 28 1
25 29 1
26 30 1
26 31 1
27 32 1
27 33 1
28 29 1
28 34 1
28 35 1
29 36 1
29 37 1
30 220 1
30 221 1
31 225 1
31 226 1
31 227 1
32 71 1
32 80 1
34 35 1
34 38 1
35 39 1
35 40 1
36 40 1
36 228 1
38 41 1
38 42 1
38 43 1
39 40 1
39 46 1
40 232 1
41 42 1
41 44 1
41 45 1
42 49 1
43 46 1
43 47 1
43 48 1
44 50 1
44 51 1
44 52 1
45 52 1
45 53 1
46 47 1
47 228 1
48 231 1
48 238 1
49 238 1
51 54 1
52 54 1
53 248 1
53 249 1
54 55 1
54 56 1
55 56 1
55 57 1
56 58 1
56 59 1
57 60 1
57 61 1
58 69 1
58 73 1
58 74 1
60 62 1
60 63 1
61 64 1
61 65 1
65 66 1
65 67 1
67 68 1
67 69 1
69 70 1
70 71 1
70 72 1
70 73 1
71 75 1
72 76 1
72 77 1
73 78 1
73 79 1
75 80 1
75 81 1
75 82 1
80 83 1
80 84 1
82 4118 1
82 4121 1
83 4093 1
83 4113 1
83 4118 1
84 4113 1
84 4115 1
85 86 1
85 87 1
85 88 1
86 89 1
86 90 1
86 91 1
87 92 1
87 93 1
88 94 1
88 95 1
89 96 1
89 97 1
90 98 1
90 99 1
91 99 1
91 100 1
91 101 1
92 133 1
92 139 1
93 94 1
93 139 1
94 95 1
94 405 1
95 2402 1
96 97 1
96 102 1
97 103 1
98 2462 1
99 100 1
100 101 1
102 104 1
102 105 1
103 105 1
104 106 1
104 107 1
105 108 1
105 109 1
106 110 1
106 111 1
107 108 1
107 112 1
110 113 1
110 114 1
111 112 1
111 115 1
111 116 1
113 114 1
113 117 1
114 116 1
116 124 1
117 118 1
117 119 1
118 120 1
118 121 1
118 122 1
119 123 1
119 124 1
120 125 1
120 126 1
120 127 1
121 128 1
121 129 1
122 130 1
122 131 1
122 132 1
125 127 1
125 133 1
126 134 1
126 135 1
127 136 1
127 137 1
128 129 1
128 134 1
128 2322 1
128 2323 1
129 2324 1
129 2325 1
130 2325 1
131 132 1
133 138 1
134 2327 1
137 140 1
138 140 1
138 141 1
138 142 1
139 143 1
140 142 1
141 142 1
143 402 1
143 403 1
143 404 1
144 145 1
144 146 1
144 147 1
145 146 1
145 148 1
145 149 1
146 150 1
147 151 1
147 152 1
147 153 1
148 154 1
148 155 1
148 156 1
149 151 1
149 154 1
149 157 1
150 152 1
150 155 1
150 158 1
151 520 1
151 521 1
153 521 1
154 513 1
154 514 1
155 515 1
155 516 1
156 514 1
156 515 1
157 513 1
157 519 1
157 520 1
158 516 1
159 160 1
159 161 1
159 162 1
159 163 1
160 164 1
160 165 1
161 166 1
161 167 1
161 168 1
162 165 1
162 169 1
162 170 1
162 171 1
164 172 1
164 173 1
165 170 1
166 174 1
166 175 1
166 176 1
167 177 1
167 178 1
167 179 1
168 176 1
168 177 1
169 2201 1
169 2202 1
170 2203 1
170 2204 1
171 2205 1
171 2206 1
172 210 1
172 217 1
173 218 1
173 219 1
174 180 1
174 181 1
174 182 1
175 182 1
175 183 1
175 184 1
177 367 1
177 2173 1
178 179 1
178 2201 1
179 2209 1
182 185 1
183 184 1
183 294 1
183 297 1
184 370 1
185 186 1
185 187 1
186 188 1
186 189 1
187 190 1
187 191 1
187 192 1
188 193 1
188 194 1
188 195 1
189 196 1
189 197 1
190 227 1
190 301 1
190 741 1
191 301 1
191 742 1
193 198 1
193 199 1
193 200 1
194 200 1
194 201 1
195 196 1
195 202 1
195 203 1
196 4134 1
199 204 1
199 205 1
199 206 1
200 207 1
201 4130 1
201 4131 1
202 4133 1
203 4133 1
203 4134 1
203 4135 1
205 206 1
205 208 1
205 209 1
206 207 1
207 4192 1
208 210 1
208 211 1
209 212 1
209 213 1
209 214 1
210 215 1
211 212 1
211 216 1
212 2152 1
213 2163 1
213 2164 1
214 2152 1
216 2151 1
216 2158 1
218 2030 1
218 2203 1
220 222 1
221 223 1
221 224 1
222 228 1
222 229 1
223 229 1
223 288 1
224 289 1
224 293 1
224 300 1
225 292 1
225 296 1
226 293 1
226 300 1
227 301 1
227 302 1
229 230 1
229 231 1
230 231 1
230 244 1
230 288 1
233 234 1
233 235 1
233 236 1
233 237 1
234 238 1
234 239 1
235 236 1
235 240 1
236 242 1
236 243 1
237 241 1
238 239 1
239 244 1
239 245 1
240 246 1
240 247 1
241 322 1
241 343 1
242 319 1
242 320 1
242 321 1
243 322 1
243 323 1
244 245 1
244 288 1
245 290 1
247 248 1
249 250 1
249 251 1
250 319 1
250 328 1
251 328 1
251 329 1
252 730 1
252 836 1
252 837 1
253 837 1
254 991 1
255 991 1
256 257 1
256 258 1
256 259 1
256 260 1
257 261 1
257 262 1
257 263 1
258 260 1
258 264 1
258 265 1
259 262 1
259 266 1
259 267 1
259 268 1
260 267 1
260 269 1
260 270 1
261 264 1
261 271 1
261 272 1
262 266 1
262 273 1
263 272 1
263 273 1
263 274 1
264 275 1
264 276 1
265 269 1
265 276 1
265 277 1
266 330 1
266 331 1
267 268 1
267 270 1
268 331 1
268 332 1
271 279 1
271 283 1
271 284 1
271 285 1
272 286 1
272 287 1
273 333 1
273 334 1
274 333 1
275 278 1
275 279 1
275 280 1
276 277 1
276 280 1
276 281 1
276 282 1
277 3953 1
279 284 1
280 281 1
281 3942 1
282 3939 1
282 3942 1
282 3953 1
288 289 1
289 290 1
289 291 1
290 352 1
291 295 1
291 351 1
292 293 1
292 294 1
292 295 1
293 295 1
294 297 1
294 298 1
296 297 1
296 299 1
303 304 1
303 305 1
303 306 1
303 307 1
303 308 1
304 305 1
304 306 1
304 309 1
305 310 1
305 311 1
306 313 1
306 314 1
307 312 1
308 312 1
308 315 1
309 310 1
309 313 1
310 316 1
310 317 1
311 318 1
312 765 1
313 314 1
313 320 1
314 328 1
315 796 1
316 320 1
316 325 1
316 361 1
317 409 1
317 419 1
318 417 1
318 796 1
319 320 1
319 324 1
321 325 1
321 326 1
321 327 1
322 344 1
322 349 1
325 418 1
325 766 1
326 766 1
329 335 1
330 331 1
330 885 1
331 886 1
331 887 1
332 887 1
335 337 1
335 341 1
336 337 1
336 338 1
336 339 1
337 338 1
338 340 1
339 340 1
340 342 1
341 765 1
341 795 1
343 344 1
343 345 1
344 346 1
344 347 1
345 346 1
345 348 1
346 347 1
347 348 1
348 381 1
350 351 1
350 352 1
350 353 1
350 354 1
351 355 1
352 356 1
353 357 1
353 358 1
356 359 1
356 360 1
357 373 1
357 377 1
359 372 1
359 663 1
359 666 1
361 409 1
361 418 1
362 363 1
362 364 1
362 365 1
363 366 1
363 367 1
364 365 1
364 368 1
365 369 1
366 367 1
366 370 1
368 371 1
368 372 1
369 2168 1
369 2175 1
370 380 1
371 373 1
371 374 1
372 375 1
373 376 1
375 2165 1
375 2170 1
377 378 1
377 379 1
381 406 1
381 407 1
382 383 1
382 384 1
382 385 1
382 386 1
383 387 1
383 388 1
384 389 1
384 390 1
384 391 1
385 386 1
385 390 1
385 392 1
386 393 1
386 394 1
387 395 1
388 395 1
388 396 1
388 397 1
389 398 1
390 392 1
390 401 1
391 399 1
391 400 1
391 401 1
392 888 1
393 890 1
394 396 1
394 963 1
394 964 1
395 422 1
396 428 1
396 434 1
400 401 1
403 2466 1
406 477 1
406 483 1
408 409 1
408 410 1
408 411 1
409 412 1
410 412 1
410 413 1
410 414 1
411 415 1
411 416 1
412 417 1
413 420 1
413 421 1
413 422 1
414 423 1
414 424 1
415 416 1
415 773 1
417 419 1
418 767 1
420 425 1
420 426 1
421 425 1
421 431 1
422 431 1
423 430 1
423 457 1
424 457 1
424 470 1
424 471 1
425 427 1
425 428 1
426 429 1
426 430 1
427 429 1
427 432 1
428 433 1
428 434 1
430 432 1
432 449 1
432 450 1
433 434 1
433 449 1
433 454 1
434 777 1
435 436 1
435 437 1
435 438 1
436 439 1
436 440 1
437 441 1
437 442 1
438 443 1
438 444 1
439 441 1
440 445 1
440 446 1
442 447 1
442 448 1
444 1063 1
444 1069 1
445 1063 1
445 1070 1
449 451 1
449 454 1
450 451 1
450 453 1
451 452 1
451 453 1
452 455 1
452 456 1
453 457 1
453 458 1
454 459 1
454 460 1
455 459 1
455 461 1
457 464 1
458 464 1
458 466 1
458 467 1
459 460 1
459 461 1
460 463 1
461 462 1
461 463 1
462 467 1
462 528 1
462 529 1
463 743 1
464 465 1
465 468 1
465 469 1
466 474 1
466 475 1
467 472 1
467 473 1
468 531 1
468 536 1
469 544 1
469 545 1
470 768 1
470 773 1
470 774 1
471 775 1
471 776 1
472 522 1
472 524 1
474 522 1
474 523 1
475 523 1
475 526 1
476 477 1
476 478 1
476 479 1
477 478 1
478 480 1
479 481 1
479 482 1
480 484 1
480 485 1
484 574 1
484 667 1
485 568 1
485 570 1
486 487 1
486 488 1
486 489 1
487 490 1
487 491 1
488 492 1
488 493 1
488 494 1
488 495 1
490 496 1
490 497 1
491 497 1
491 498 1
492 496 1
492 501 1
492 502 1
493 502 1
493 509 1
494 495 1
494 510 1
495 511 1
495 512 1
496 499 1
497 500 1
499 503 1
499 504 1
501 503 1
501 505 1
501 506 1
502 507 1
502 508 1
503 506 1
505 507 1
507 508 1
509 1596 1
509 1685 1
510 511 1
510 1597 1
510 1685 1
513 517 1
514 518 1
517 518 1
517 519 1
522 524 1
523 525 1
524 527 1
525 526 1
525 540 1
525 541 1
526 530 1
526 534 1
527 576 1
528 529 1
528 578 1
528 583 1
529 588 1
530 531 1
530 532 1
531 533 1
532 534 1
532 535 1
533 537 1
533 538 1
533 539 1
534 542 1
534 543 1
535 590 1
535 598 1
536 539 1
536 546 1
536 547 1
537 568 1
537 569 1
539 547 1
543 590 1
543 597 1
546 547 1
546 568 1
547 571 1
548 549 1
548 550 1
548 551 1
549 550 1
549 552 1
549 553 1
550 554 1
550 555 1
550 556 1
551 556 1
551 557 1
552 554 1
552 558 1
553 559 1
553 560 1
554 561 1
555 562 1
555 563 1
556 564 1
558 561 1
558 567 1
559 567 1
559 753 1
559 762 1
561 565 1
561 566 1
566 757 1
567 748 1
569 572 1
570 573 1
573 574 1
574 575 1
575 667 1
575 675 1
576 577 1
577 578 1
577 579 1
578 580 1
578 581 1
579 581 1
579 582 1
580 583 1
580 584 1
580 585 1
581 586 1
582 609 1
582 616 1
583 584 1
583 587 1
584 587 1
584 662 1
586 617 1
586 660 1
587 588 1
588 744 1
589 590 1
589 591 1
589 592 1
590 593 1
591 594 1
591 595 1
592 596 1
593 599 1
593 600 1
594 601 1
595 602 1
595 603 1
596 1137 1
598 644 1
598 645 1
599 1140 1
599 1145 1
602 604 1
602 605 1
602 606 1
603 607 1
603 608 1
604 609 1
604 610 1
605 611 1
605 612 1
605 613 1
606 614 1
606 615 1
607 612 1
607 710 1
607 711 1
609 616 1
611 612 1
611 646 1
614 615 1
614 652 1
615 617 1
615 658 1
616 617 1
617 659 1
618 619 1
618 620 1
618 621 1
619 622 1
619 623 1
620 624 1
620 625 1
620 626 1
621 627 1
621 628 1
622 629 1
622 630 1
622 631 1
623 632 1
623 633 1
623 634 1
624 625 1
624 629 1
625 635 1
625 636 1
627 657 1
627 662 1
628 633 1
629 631 1
629 635 1
630 631 1
630 639 1
631 638 1
635 637 1
635 638 1
636 640 1
637 641 1
637 642 1
638 643 1
640 641 1
640 657 1
641 655 1
646 647 1
646 648 1
647 648 1
647 649 1
647 650 1
648 651 1
649 652 1
649 653 1
649 654 1
651 992 1
651 996 1
653 654 1
653 657 1
654 655 1
654 656 1
656 1006 1
657 662 1
659 660 1
659 661 1
660 661 1
661 662 1
663 664 1
663 665 1
665 667 1
665 668 1
665 669 1
666 670 1
666 671 1
666 672 1
668 673 1
668 674 1
669 675 1
669 676 1
670 2170 1
670 2230 1
671 673 1
671 674 1
672 2230 1
672 2231 1
672 2232 1
673 2235 1
674 676 1
675 1150 1
676 1147 1
677 678 1
679 680 1
679 681 1
679 682 1
679 683 1
680 684 1
680 685 1
680 686 1
681 684 1
681 687 1
681 688 1
682 685 1
682 689 1
682 690 1
683 689 1
683 691 1
684 692 1
684 693 1
685 690 1
685 694 1
685 695 1
686 693 1
686 694 1
686 696 1
687 692 1
687 699 1
687 700 1
688 691 1
688 697 1
688 698 1
689 706 1
689 709 1
690 706 1
690 707 1
692 701 1
692 702 1
693 702 1
693 703 1
694 704 1
694 705 1
695 705 1
695 707 1
695 708 1
698 700 1
699 701 1
710 993 1
710 999 1
712 713 1
712 714 1
712 715 1
713 714 1
713 716 1
714 717 1
716 718 1
716 719 1
717 720 1
717 721 1
718 719 1
718 736 1
722 723 1
722 724 1
723 724 1
723 725 1
724 726 1
725 728 1
725 729 1
726 730 1
730 836 1
731 732 1
731 733 1
732 734 1
733 734 1
733 735 1
734 736 1
735 739 1
735 740 1
736 737 1
736 738 1
739 740 1
743 744 1
743 745 1
743 746 1
744 745 1
745 964 1
747 748 1
747 749 1
747 750 1
748 751 1
748 752 1
748 753 1
749 750 1
749 754 1
749 755 1
750 752 1
751 753 1
751 754 1
751 756 1
752 757 1
754 758 1
755 758 1
755 759 1
755 760 1
756 758 1
756 762 1
756 763 1
756 764 1
757 760 1
758 761 1
759 761 1
762 764 1
765 795 1
766 767 1
767 768 1
767 769 1
768 770 1
768 771 1
770 772 1
770 773 1
778 779 1
778 780 1
778 781 1
779 780 1
779 782 1
779 783 1
780 784 1
780 785 1
781 786 1
781 787 1
782 788 1
782 789 1
783 790 1
783 791 1
784 792 1
785 793 1
785 794 1
786 2319 1
786 2361 1
786 2362 1
786 2363 1
789 2363 1
797 798 1
797 799 1
797 800 1
798 801 1
798 802 1
799 803 1
799 804 1
800 804 1
800 805 1
800 806 1
801 807 1
801 808 1
802 805 1
802 808 1
802 809 1
803 807 1
803 810 1
804 806 1
804 810 1
807 811 1
808 816 1
808 817 1
808 818 1
808 819 1
809 959 1
810 812 1
810 813 1
811 814 1
811 815 1
812 813 1
812 814 1
816 949 1
816 950 1
817 949 1
817 953 1
818 955 1
818 956 1
819 957 1
819 958 1
819 959 1
820 821 1
820 822 1
820 823 1
821 824 1
821 825 1
822 824 1
822 826 1
823 827 1
823 828 1
824 829 1
825 830 1
825 831 1
826 834 1
826 835 1
827 834 1
827 948 1
828 1289 1
828 1290 1
829 832 1
829 833 1
830 4843 1
830 4844 1
831 4834 1
831 4841 1
832 938 1
832 939 1
833 940 1
833 941 1
834 942 1
836 838 1
837 855 1
838 856 1
839 840 1
839 841 1
839 842 1
840 843 1
840 844 1
840 845 1
841 843 1
841 846 1
842 844 1
842 847 1
843 848 1
843 849 1
844 850 1
844 851 1
845 848 1
845 851 1
846 849 1
846 852 1
848 853 1
848 854 1
849 853 1
857 858 1
857 859 1
857 860 1
858 861 1
858 862 1
858 863 1
859 864 1
859 865 1
860 866 1
860 867 1
861 868 1
861 869 1
862 870 1
862 871 1
862 872 1
863 869 1
863 873 1
864 865 1
864 874 1
865 875 1
866 1539 1
867 1544 1
867 1552 1
868 874 1
868 877 1
868 878 1
869 878 1
869 882 1
870 1696 1
871 1697 1
871 1698 1
872 873 1
872 1699 1
873 882 1
874 876 1
875 1542 1
875 1548 1
877 879 1
877 880 1
878 880 1
878 881 1
879 2113 1
879 2116 1
880 2116 1
880 2121 1
881 882 1
881 2121 1
885 886 1
888 889 1
888 890 1
889 891 1
889 892 1
889 893 1
890 894 1
890 895 1
896 897 1
896 898 1
896 899 1
896 900 1
897 901 1
897 902 1
897 903 1
898 901 1
898 904 1
898 905 1
899 906 1
899 907 1
900 908 1
901 902 1
901 909 1
902 910 1
903 911 1
903 912 1
903 913 1
904 914 1
904 915 1
904 916 1
905 916 1
905 917 1
906 1354 1
906 1361 1
906 1362 1
907 1366 1
908 1368 1
909 918 1
918 1010 1
918 1017 1
919 920 1
919 921 1
919 922 1
920 923 1
920 924 1
921 923 1
921 925 1
921 926 1
922 927 1
922 928 1
923 925 1
923 929 1
924 930 1
924 931 1
924 932 1
925 926 1
925 933 1
926 927 1
926 937 1
928 931 1
929 934 1
929 935 1
929 936 1
930 932 1
938 942 1
938 943 1
939 940 1
939 944 1
940 4833 1
943 945 1
943 946 1
943 947 1
944 4785 1
944 4833 1
945 4788 1
946 4874 1
946 4875 1
946 4876 1
947 4877 1
947 4878 1
948 1286 1
948 1287 1
948 1288 1
949 951 1
949 952 1
949 953 1
950 954 1
950 955 1
951 957 1
951 960 1
952 960 1
952 961 1
952 962 1
953 957 1
955 956 1
965 966 1
965 967 1
965 968 1
966 969 1
966 970 1
966 971 1
967 972 1
967 973 1
967 974 1
968 975 1
968 976 1
968 977 1
969 972 1
969 978 1
969 979 1
970 980 1
970 981 1
971 976 1
971 982 1
972 979 1
973 986 1
973 987 1
973 988 1
974 986 1
974 989 1
974 990 1
978 984 1
978 985 1
979 983 1
980 982 1
983 985 1
986 990 1
992 993 1
993 994 1
993 995 1
994 997 1
994 998 1
995 1000 1
995 1001 1
996 997 1
996 1004 1
996 1005 1
998 1002 1
998 1003 1
999 1187 1
999 1199 1
1000 1003 1
1000 3788 1
1000 3795 1
1002 1005 1
1002 1007 1
1004 1006 1
1004 1007 1
1004 1008 1
1007 3793 1
1009 1010 1
1009 1011 1
1010 1012 1
1011 1013 1
1011 1014 1
1012 1015 1
1012 1016 1
1013 1071 1
1013 1074 1
1014 1075 1
1014 1076 1
1015 1016 1
1015 1018 1
1015 1019 1
1016 1020 1
1016 1021 1
1017 1075 1
1018 1022 1
1019 1020 1
1019 1023 1
1022 1024 1
1022 1025 1
1023 1025 1
1024 1026 1
1024 1027 1
1025 1028 1
1025 1029 1
1027 1030 1
1027 1031 1
1028 1031 1
1028 1036 1
1029 1036 1
1030 1032 1
1030 1033 1
1031 1033 1
1032 1034 1
1032 1035 1
1033 1035 1
1033 1036 1
1034 1037 1
1034 1038 1
1035 1039 1
1035 1040 1
1037 1041 1
1037 1042 1
1038 1039 1
1038 1043 1
1041 1044 1
1041 1045 1
1042 1043 1
1042 1046 1
1042 1047 1
1044 1048 1
1044 1049 1
1045 1046 1
1045 1049 1
1046 1052 1
1048 1050 1
1048 1051 1
1049 1052 1
1049 1053 1
1049 1054 1
1050 1055 1
1050 1056 1
1051 1056 1
1051 1057 1
1051 1058 1
1053 1054 1
1054 1058 1
1055 1059 1
1056 1059 1
1056 1060 1
1059 1061 1
1060 1061 1
1060 1065 1
1060 1067 1
1061 1062 1
1062 1063 1
1062 1064 1
1062 1065 1
1062 1066 1
1064 1065 1
1064 1066 1
1064 1068 1
1065 1068 1
1066 1069 1
1067 1068 1
1070 1071 1
1070 1072 1
1071 1072 1
1071 1073 1
1072 1074 1
1073 1074 1
1077 1078 1
1077 1079 1
1077 1080 1
1078 1081 1
1078 1082 1
1079 1083 1
1079 1084 1
1079 1085 1
1080 1084 1
1080 1086 1
1080 1087 1
1081 1083 1
1081 1088 1
1082 1086 1
1082 1089 1
1082 1090 1
1083 1091 1
1083 1092 1
1084 1093 1
1084 1094 1
1085 1092 1
1085 1093 1
1085 1095 1
1087 1094 1
1088 1089 1
1088 1096 1
1091 1096 1
1091 1097 1
1091 1098 1
1092 1098 1
1092 1099 1
1095 1099 1
1100 1101 1
1100 1102 1
1100 1103 1
1100 1104 1
1101 1102 1
1101 1105 1
1102 1106 1
1102 1107 1
1102 1108 1
1103 1109 1
1103 1110 1
1103 1111 1
1105 1109 1
1105 1112 1
1106 1113 1
1106 1114 1
1106 1115 1
1107 1108 1
1107 1113 1
1107 1116 1
1108 1117 1
1108 1118 1
1109 2267 1
1110 2270 1
1110 2271 1
1110 2272 1
1111 2267 1
1111 2272 1
1111 2273 1
1112 1118 1
1112 2274 1
1115 2271 1
1117 1118 1
1119 1120 1
1119 1121 1
1119 1122 1
1120 1123 1
1120 1124 1
1120 1125 1
1121 1123 1
1121 1126 1
1121 1127 1
1122 1128 1
1122 1129 1
1123 1125 1
1123 1127 1
1124 1129 1
1124 1130 1
1125 1131 1
1125 1132 1
1126 1127 1
1126 1133 1
1126 1134 1
1127 1131 1
1127 1135 1
1128 1133 1
1134 1135 1
1136 1137 1
1136 1138 1
1136 1139 1
1137 1140 1
1138 1141 1
1139 1142 1
1139 1143 1
1140 1144 1
1141 1197 1
1144 1145 1
1144 1146 1
1145 1147 1
1146 1148 1
1146 1149 1
1147 1150 1
1148 1227 1
1148 2384 1
1148 2387 1
1151 1152 1
1151 1153 1
1151 1154 1
1152 1155 1
1152 1156 1
1152 1157 1
1153 1158 1
1153 1159 1
1154 1160 1
1154 1161 1
1154 1162 1
1155 1158 1
1155 1163 1
1155 1164 1
1156 1165 1
1156 1166 1
1156 1167 1
1157 1163 1
1157 1166 1
1158 1168 1
1159 1169 1
1159 1170 1
1159 1171 1
1160 1165 1
1160 1175 1
1161 1170 1
1161 1176 1
1161 1177 1
1162 1175 1
1163 1173 1
1163 1174 1
1164 1168 1
1165 1178 1
1166 1182 1
1166 1183 1
1167 1179 1
1167 1180 1
1167 1181 1
1168 1171 1
1168 1172 1
1169 1172 1
1172 1173 1
1174 1182 1
1177 1184 1
1178 1180 1
1178 1184 1
1179 1183 1
1185 1186 1
1185 1187 1
1185 1188 1
1186 1189 1
1186 1190 1
1187 1191 1
1188 1192 1
1189 1193 1
1189 1194 1
1189 1195 1
1190 1192 1
1191 1193 1
1191 1199 1
1193 1196 1
1194 1195 1
1194 1197 1
1195 1196 1
1195 1198 1
1196 1200 1
1198 1200 1
1199 1201 1
1202 1203 1
1202 1204 1
1202 1205 1
1202 1206 1
1203 1207 1
1203 1208 1
1204 1207 1
1205 1209 1
1205 1210 1
1205 1211 1
1206 1208 1
1206 1209 1
1206 1212 1
1208 1213 1
1208 1214 1
1209 1211 1
1210 1211 1
1212 1214 1
1215 1216 1
1215 1217 1
1215 1218 1
1216 1219 1
1216 1220 1
1217 1221 1
1217 1222 1
1218 1223 1
1218 1224 1
1219 1220 1
1219 1221 1
1220 1225 1
1221 1225 1
1221 1226 1
1222 1227 1
1222 1228 1
1223 1224 1
1223 1233 1
1224 1234 1
1224 1235 1
1225 1229 1
1226 1230 1
1226 1231 1
1228 2231 1
1228 2341 1
1228 2342 1
1229 1232 1
1230 2390 1
1230 2391 1
1231 2342 1
1231 2394 1
1232 1240 1
1233 1236 1
1233 1237 1
1234 1236 1
1234 1238 1
1235 1238 1
1235 1239 1
1236 3865 1
1237 3866 1
1237 3867 1
1238 3865 1
1240 1254 1
1241 1242 1
1241 1243 1
1241 1244 1
1242 1245 1
1242 1246 1
1243 1244 1
1243 1247 1
1243 1248 1
1244 1249 1
1245 1247 1
1245 1250 1
1246 1251 1
1246 1252 1
1247 1248 1
1248 1253 1
1253 1255 1
1254 1262 1
1255 1259 1
1256 1257 1
1256 1258 1
1257 1259 1
1258 1260 1
1260 1261 1
1261 1263 1
1262 1264 1
1263 1266 1
1264 1265 1
1265 1266 1
1267 1268 1
1267 1269 1
1267 1270 1
1268 1270 1
1268 1271 1
1269 1272 1
1269 1273 1
1270 1274 1
1271 1275 1
1271 1276 1
1272 1275 1
1273 1277 1
1273 1278 1
1274 1277 1
1275 1276 1
1275 1279 1
1275 1280 1
1275 1281 1
1276 1282 1
1279 1284 1
1279 1285 1
1280 1281 1
1280 1283 1
1281 1283 1
1282 2014 1
1282 2015 1
1282 2016 1
1284 2014 1
1286 4760 1
1286 4766 1
1286 4767 1
1287 4753 1
1287 4757 1
1287 4761 1
1288 4874 1
1288 4880 1
1289 4690 1
1289 4695 1
1290 4695 1
1290 4845 1
1291 1292 1
1292 1293 1
1292 1294 1
1293 1294 1
1293 1295 1
1294 1296 1
1296 1297 1
1296 1298 1
1297 4320 1
1299 1300 1
1299 1301 1
1299 1302 1
1299 1303 1
1300 1301 1
1300 1304 1
1301 1305 1
1302 1306 1
1302 1307 1
1303 1308 1
1303 1309 1
1304 1309 1
1304 1310 1
1304 1311 1
1305 1312 1
1305 1313 1
1310 1313 1
1314 1315 1
1314 1316 1
1314 1317 1
1314 1318 1
1315 1319 1
1315 1320 1
1315 1321 1
1316 1319 1
1316 1322 1
1317 1323 1
1317 1324 1
1318 1324 1
1318 1325 1
1318 1326 1
1319 1327 1
1320 1321 1
1320 1327 1
1320 1328 1
1320 1329 1
1321 1326 1
1321 1330 1
1322 1323 1
1322 1332 1
1322 1333 1
1323 1489 1
1323 1490 1
1324 1491 1
1327 1331 1
1328 1331 1
1329 1330 1
1331 1333 1
1332 1489 1
1332 1492 1
1332 1493 1
1333 1493 1
1333 1494 1
1334 1335 1
1334 1336 1
1334 1337 1
1334 1338 1
1335 1339 1
1336 1340 1
1336 1341 1
1337 1342 1
1337 1343 1
1337 1344 1
1338 1344 1
1338 1345 1
1338 1346 1
1339 1340 1
1339 1342 1
1340 1347 1
1341 1348 1
1341 1349 1
1342 1350 1
1342 1352 1
1343 1536 1
1343 1537 1
1344 1537 1
1344 1538 1
1345 1817 1
1345 1918 1
1346 1348 1
1346 1902 1
1346 1903 1
1347 1350 1
1347 1351 1
1348 4167 1
1350 1352 1
1350 1521 1
1351 1520 1
1351 1526 1
1352 1530 1
1352 1535 1
1353 1354 1
1353 1355 1
1353 1356 1
1354 1357 1
1355 1358 1
1355 1359 1
1356 1360 1
1357 1363 1
1357 1364 1
1358 1359 1
1358 1361 1
1359 1368 1
1361 1365 1
1362 1366 1
1362 1367 1
1369 1370 1
1369 1371 1
1369 1372 1
1370 1373 1
1370 1374 1
1371 1375 1
1372 1374 1
1372 1376 1
1373 1377 1
1373 1378 1
1374 1378 1
1374 1379 1
1375 1380 1
1375 1381 1
1376 1485 1
1377 1390 1
1378 1393 1
1378 1394 1
1379 1484 1
1379 1485 1
1380 1382 1
1380 1383 1
1381 1384 1
1381 1385 1
1381 1386 1
1382 1387 1
1382 1388 1
1383 1389 1
1384 1719 1
1385 1734 1
1385 1746 1
1386 1747 1
1387 1390 1
1388 1389 1
1388 1391 1
1388 1392 1
1389 1721 1
1391 1719 1
1391 1722 1
1391 1723 1
1391 1724 1
1392 1393 1
1392 1486 1
1392 1724 1
1393 1486 1
1394 1487 1
1394 1488 1
1395 1396 1
1395 1397 1
1395 1398 1
1396 1399 1
1397 1400 1
1397 1401 1
1398 1402 1
1398 1403 1
1399 1404 1
1400 1427 1
1400 1432 1
1400 1433 1
1401 1445 1
1401 1446 1
1404 1405 1
1405 1406 1
1405 1407 1
1406 1408 1
1407 1409 1
1407 1410 1
1407 1411 1
1408 1412 1
1408 1413 1
1412 1414 1
1413 1414 1
1413 1415 1
1414 1416 1
1416 1417 1
1416 1418 1
1417 1419 1
1417 1420 1
1418 1421 1
1418 1422 1
1419 1423 1
1419 1424 1
1420 1425 1
1420 1426 1
1423 1427 1
1423 1428 1
1424 1429 1
1424 1430 1
1427 1431 1
1428 1430 1
1431 1434 1
1431 1435 1
1432 1436 1
1432 1437 1
1433 1438 1
1433 1439 1
1434 1438 1
1436 1440 1
1436 1441 1
1436 1442 1
1437 1442 1
1439 1445 1
1440 1441 1
1440 1443 1
1441 1444 1
1442 1444 1
1447 1448 1
1447 1449 1
1447 1450 1
1448 1449 1
1448 1451 1
1449 1452 1
1450 1453 1
1450 1454 1
1450 1455 1
1451 1456 1
1451 1457 1
1452 1458 1
1452 1459 1
1453 1454 1
1453 1460 1
1454 1461 1
1460 1462 1
1460 1463 1
1462 3898 1
1462 3908 1
1462 3909 1
1462 3910 1
1463 3910 1
1463 3989 1
1464 1465 1
1464 1466 1
1465 1467 1
1465 1468 1
1466 1469 1
1466 1470 1
1466 1471 1
1467 1472 1
1467 1473 1
1468 1471 1
1468 1474 1
1469 1472 1
1469 1475 1
1470 1475 1
1470 1476 1
1471 1477 1
1472 1478 1
1472 1479 1
1473 1479 1
1473 1483 1
1474 1483 1
1475 1480 1
1476 1477 1
1478 1481 1
1478 1482 1
1479 1481 1
1480 1482 1
1484 1485 1
1486 1731 1
1489 1496 1
1489 1497 1
1490 1491 1
1490 1495 1
1495 1497 1
1498 1499 1
1498 1500 1
1498 1501 1
1498 1502 1
1499 1503 1
1499 1504 1
1499 1505 1
1500 1503 1
1500 1506 1
1500 1507 1
1501 1507 1
1501 1508 1
1501 1509 1
1502 1510 1
1502 1511 1
1503 1512 1
1503 1513 1
1504 1514 1
1504 1515 1
1504 1516 1
1505 1513 1
1505 1517 1
1506 1507 1
1506 1512 1
1507 1508 1
1508 1649 1
1508 1674 1
1508 1675 1
1509 1655 1
1509 1776 1
1510 1831 1
1511 1777 1
1511 1836 1
1512 1518 1
1513 1518 1
1513 1519 1
1514 1732 1
1514 1755 1
1515 1743 1
1515 1826 1
1516 1827 1
1516 1828 1
1517 1717 1
1517 1761 1
1518 1602 1
1518 1609 1
1519 1717 1
1519 1718 1
1520 1521 1
1520 1522 1
1520 1523 1
1521 1524 1
1521 1525 1
1522 1527 1
1523 1528 1
1523 1529 1
1524 1530 1
1524 1531 1
1524 1532 1
1525 1533 1
1525 1534 1
1527 3979 1
1528 1529 1
1529 1534 1
1530 1577 1
1531 1578 1
1531 1579 1
1532 1580 1
1532 1581 1
1533 1581 1
1535 1536 1
1535 1582 1
1536 1583 1
1537 1583 1
1537 1586 1
1538 1670 1
1538 1918 1
1539 1540 1
1539 1541 1
1540 1542 1
1540 1543 1
1541 1544 1
1541 1545 1
1542 1546 1
1543 1545 1
1543 1547 1
1544 1595 1
1545 1598 1
1546 1549 1
1546 1550 1
1547 1693 1
1547 2220 1
1548 1550 1
1548 1551 1
1549 2108 1
1549 2211 1
1550 2108 1
1551 1889 1
1551 2107 1
1551 2108 1
1552 1596 1
1552 1597 1
1553 1554 1
1553 1555 1
1553 1556 1
1554 1557 1
1554 1558 1
1555 1559 1
1555 1560 1
1556 1561 1
1557 1562 1
1557 1563 1
1558 1564 1
1558 1565 1
1559 1560 1
1559 1562 1
1559 1566 1
1560 1567 1
1562 1568 1
1562 1569 1
1563 1574 1
1563 1576 1
1566 1570 1
1566 1571 1
1566 1572 1
1568 1574 1
1568 1575 1
1569 1570 1
1569 1573 1
1570 1571 1
1573 1575 1
1577 1582 1
1578 1593 1
1578 1600 1
1578 1606 1
1579 1582 1
1579 1591 1
1579 1610 1
1580 1604 1
1580 1613 1
1580 1835 1
1581 1835 1
1583 1584 1
1583 1585 1
1584 1616 1
1584 1617 1
1585 1605 1
1585 1616 1
1586 1662 1
1586 1667 1
1586 1668 1
1587 1588 1
1587 1589 1
1587 1590 1
1588 1589 1
1588 1591 1
1590 1592 1
1590 1593 1
1591 1594 1
1592 1593 1
1592 1594 1
1594 1602 1
1596 1679 1
1596 1680 1
1597 1686 1
1597 1687 1
1598 1681 1
1598 1690 1
1599 1600 1
1599 1601 1
1599 1602 1
1600 1603 1
1600 1604 1
1602 1605 1
1603 1607 1
1604 1608 1
1607 1611 1
1609 1611 1
1609 1612 1
1610 1615 1
1610 1617 1
1610 1618 1
1611 1613 1
1612 1613 1
1612 1614 1
1614 1824 1
1615 1616 1
1615 1617 1
1619 1620 1
1619 1621 1
1619 1622 1
1620 1623 1
1620 1624 1
1620 1625 1
1620 1626 1
1621 1627 1
1621 1628 1
1621 1629 1
1622 1630 1
1622 1631 1
1622 1632 1
1623 1627 1
1623 1633 1
1623 1634 1
1624 1626 1
1624 1635 1
1625 1636 1
1625 1637 1
1625 1638 1
1626 1632 1
1626 1635 1
1627 1634 1
1628 1639 1
1628 1640 1
1629 1641 1
1630 1631 1
1633 1638 1
1633 1642 1
1634 1639 1
1640 1641 1
1643 1644 1
1643 1645 1
1643 1646 1
1643 1647 1
1643 1648 1
1644 1648 1
1644 1649 1
1645 1650 1
1645 1651 1
1645 1652 1
1646 1648 1
1646 1653 1
1646 1655 1
1647 1652 1
1647 1653 1
1647 1654 1
1648 1656 1
1649 1656 1
1649 1657 1
1651 1658 1
1651 1659 1
1652 1654 1
1652 1658 1
1653 1769 1
1653 1770 1
1654 1770 1
1654 1775 1
1655 1769 1
1655 1774 1
1656 1676 1
1657 1678 1
1658 1660 1
1658 1661 1
1661 1662 1
1661 1663 1
1662 1664 1
1663 1665 1
1663 1666 1
1665 1906 1
1665 1913 1
1667 1669 1
1667 1670 1
1667 1671 1
1668 1671 1
1668 1672 1
1668 1673 1
1669 1781 1
1669 1782 1
1669 1818 1
1670 1818 1
1671 1916 1
1672 1906 1
1672 1907 1
1672 1908 1
1673 1911 1
1673 1916 1
1673 1924 1
1674 1675 1
1674 1676 1
1674 1677 1
1675 1676 1
1675 1678 1
1679 1681 1
1679 1682 1
1680 1683 1
1680 1684 1
1681 1688 1
1682 1688 1
1682 1689 1
1686 1694 1
1686 1695 1
1688 1691 1
1688 1692 1
1690 1691 1
1690 1693 1
1691 3803 1
1693 2222 1
1693 3803 1
1694 1697 1
1694 1703 1
1694 1704 1
1695 1708 1
1695 1709 1
1697 1700 1
1698 1701 1
1698 1702 1
1699 1702 1
1700 1705 1
1700 1706 1
1703 1706 1
1703 1707 1
1704 1708 1
1710 1711 1
1710 1712 1
1711 1713 1
1711 1714 1
1712 1715 1
1712 1716 1
1718 1765 1
1718 1766 1
1718 1821 1
1719 1720 1
1719 1721 1
1720 1725 1
1720 1726 1
1721 1727 1
1722 1723 1
1722 1725 1
1722 1728 1
1723 1725 1
1723 1729 1
1723 1730 1
1724 1730 1
1724 1731 1
1725 1732 1
1726 1733 1
1726 1734 1
1729 1756 1
1729 1757 1
1730 1757 1
1730 1758 1
1731 1758 1
1732 1735 1
1732 1736 1
1733 1738 1
1733 1746 1
1735 1748 1
1735 1752 1
1736 1753 1
1736 1754 1
1737 1738 1
1737 1739 1
1737 1740 1
1738 1741 1
1739 1742 1
1739 1743 1
1740 1744 1
1740 1745 1
1741 1746 1
1741 1747 1
1742 1748 1
1742 1749 1
1743 1745 1
1743 1750 1
1744 1829 1
1744 1868 1
1744 1869 1
1748 1751 1
1750 1826 1
1750 1829 1
1753 1759 1
1753 1760 1
1754 1760 1
1754 1761 1
1756 1763 1
1756 1766 1
1757 1768 1
1758 1768 1
1758 1825 1
1759 1762 1
1759 1763 1
1760 1764 1
1761 1764 1
1763 1765 1
1764 1765 1
1766 1767 1
1767 1820 1
1767 1821 1
1768 1819 1
1769 1771 1
1769 1772 1
1770 1772 1
1770 1773 1
1771 1777 1
1771 1826 1
1771 1832 1
1772 1839 1
1772 1840 1
1773 2045 1
1773 2046 1
1773 2047 1
1774 1776 1
1774 1777 1
1775 1909 1
1775 2044 1
1777 1830 1
1778 1779 1
1778 1780 1
1779 1781 1
1779 1782 1
1779 1783 1
1780 1784 1
1780 1785 1
1780 1786 1
1781 1787 1
1781 1788 1
1782 1789 1
1783 1789 1
1783 1790 1
1783 1791 1
1784 1792 1
1784 1793 1
1785 1793 1
1785 1794 1
1785 1795 1
1786 1790 1
1786 1796 1
1787 1810 1
1787 1814 1
1788 1816 1
1788 1817 1
1789 1916 1
1789 1917 1
1790 1923 1
1791 1922 1
1792 1797 1
1793 1798 1
1794 1798 1
1794 1803 1
1794 1804 1
1795 1941 1
1795 1942 1
1797 1799 1
1798 1800 1
1800 1801 1
1800 1802 1
1801 1802 1
1801 1805 1
1802 1806 1
1802 1807 1
1803 1806 1
1803 1939 1
1803 1940 1
1805 1808 1
1805 1809 1
1806 1940 1
1806 1948 1
1807 1900 1
1807 3988 1
1808 1809 1
1808 1810 1
1809 1811 1
1809 1812 1
1810 1813 1
1811 1812 1
1811 1894 1
1811 1895 1
1812 1900 1
1813 1814 1
1813 1815 1
1814 1815 1
1815 1816 1
1816 1905 1
1818 1918 1
1819 1822 1
1819 1824 1
1820 1822 1
1820 1823 1
1821 1823 1
1822 1823 1
1825 1835 1
1826 1827 1
1827 1830 1
1828 1833 1
1828 1834 1
1829 1832 1
1830 1831 1
1831 1836 1
1832 1837 1
1832 1838 1
1837 1839 1
1838 1871 1
1838 1873 1
1838 1874 1
1839 2054 1
1841 1842 1
1841 1843 1
1841 1844 1
1841 1845 1
1842 1846 1
1842 1847 1
1842 1848 1
1843 1846 1
1843 1849 1
1843 1850 1
1844 1851 1
1844 1852 1
1845 1850 1
1845 1853 1
1845 1854 1
1846 1855 1
1846 1856 1
1847 1859 1
1847 1860 1
1848 1856 1
1848 1857 1
1848 1858 1
1849 1863 1
1849 1865 1
1849 1866 1
1850 1866 1
1850 1867 1
1851 1860 1
1853 1854 1
1855 1863 1
1855 1864 1
1856 1861 1
1856 1862 1
1857 1859 1
1858 1861 1
1868 1870 1
1868 1871 1
1869 1872 1
1870 1874 1
1873 2054 1
1873 2062 1
1875 1876 1
1875 1877 1
1875 1878 1
1875 1879 1
1876 1880 1
1876 1881 1
1876 1882 1
1877 1880 1
1877 1883 1
1878 1884 1
1878 1885 1
1879 1885 1
1879 1886 1
1880 1881 1
1881 1887 1
1881 1888 1
1882 1889 1
1882 1890 1
1882 1891 1
1883 1892 1
1883 1893 1
1884 2114 1
1884 4169 1
1884 4170 1
1885 4171 1
1886 1892 1
1887 2111 1
1887 2226 1
1887 2227 1
1888 1892 1
1888 2301 1
1888 4163 1
1889 1890 1
1889 2109 1
1890 2110 1
1894 1896 1
1894 1897 1
1895 1898 1
1895 1899 1
1895 1900 1
1896 1901 1
1896 1902 1
1898 1899 1
1898 1901 1
1899 1903 1
1899 1904 1
1902 1903 1
1903 4164 1
1904 4165 1
1904 4166 1
1906 1908 1
1906 1909 1
1907 1910 1
1908 1911 1
1908 1912 1
1909 1914 1
1909 1915 1
1910 1913 1
1911 1912 1
1912 2056 1
1914 2044 1
1914 2055 1
1915 2055 1
1915 2056 1
1916 1919 1
1917 1919 1
1917 1920 1
1917 1921 1
1919 1920 1
1919 1925 1
1920 2049 1
1921 1952 1
1921 1954 1
1921 1956 1
1922 1923 1
1922 2080 1
1923 2083 1
1923 2084 1
1923 2085 1
1924 2048 1
1925 2051 1
1925 2052 1
1925 2053 1
1926 1927 1
1926 1928 1
1926 1929 1
1927 1930 1
1927 1931 1
1928 1932 1
1928 1933 1
1929 1934 1
1929 1935 1
1930 1936 1
1930 1937 1
1931 1935 1
1931 1938 1
1937 1938 1
1939 1941 1
1939 1943 1
1940 1946 1
1940 1947 1
1941 1943 1
1941 1944 1
1943 1944 1
1944 1945 1
1945 1950 1
1945 1954 1
1946 1947 1
1946 1959 1
1946 1962 1
1947 1963 1
1947 1964 1
1948 1963 1
1948 3897 1
1948 3898 1
1949 1950 1
1949 1951 1
1949 1952 1
1949 1953 1
1950 1952 1
1950 1954 1
1951 1953 1
1951 1955 1
1953 1956 1
1953 1957 1
1954 1958 1
1955 1959 1
1955 1960 1
1956 2065 1
1957 2019 1
1957 2029 1
1958 2080 1
1958 2082 1
1959 1960 1
1960 1961 1
1961 1962 1
1961 2094 1
1962 1965 1
1962 1966 1
1963 3900 1
1963 4004 1
1964 4004 1
1965 1966 1
1965 1984 1
1965 4004 1
1966 1975 1
1966 2019 1
1967 1968 1
1967 1969 1
1967 1970 1
1967 1971 1
1968 1972 1
1968 1973 1
1969 1972 1
1969 1974 1
1969 1975 1
1970 1976 1
1970 1977 1
1971 1978 1
1971 1979 1
1972 1980 1
1973 1980 1
1973 1981 1
1974 1982 1
1974 1983 1
1975 1984 1
1975 1985 1
1976 1977 1
1976 1987 1
1977 1988 1
1978 2026 1
1979 2017 1
1980 1986 1
1981 2017 1
1981 2018 1
1982 1985 1
1982 1992 1
1984 3905 1
1985 1995 1
1985 1999 1
1987 1989 1
1987 1990 1
1987 1991 1
1988 1991 1
1988 2105 1
1988 2106 1
1989 1992 1
1989 1993 1
1990 1991 1
1990 1993 1
1990 1994 1
1992 1995 1
1993 1996 1
1994 2030 1
1994 2031 1
1994 2032 1
1995 1997 1
1995 1998 1
1996 2033 1
1996 2034 1
1997 2151 1
1997 2159 1
1997 2160 1
1998 2153 1
1998 4162 1
2000 2001 1
2000 2002 1
2000 2003 1
2000 2004 1
2001 2002 1
2001 2005 1
2002 2004 1
2002 2006 1
2003 2004 1
2003 2007 1
2004 2008 1
2004 2009 1
2005 2010 1
2005 2011 1
2005 2012 1
2006 2009 1
2006 2012 1
2006 2013 1
2007 2010 1
2009 2013 1
2011 3427 1
2012 3428 1
2012 3434 1
2012 3435 1
2017 2019 1
2017 2020 1
2017 2021 1
2017 2022 1
2018 2019 1
2020 2023 1
2020 2024 1
2021 2024 1
2021 2025 1
2022 2026 1
2022 2027 1
2022 2028 1
2023 2144 1
2024 2025 1
2025 2027 1
2025 2147 1
2028 2078 1
2029 2140 1
2030 2161 1
2031 2034 1
2031 2162 1
2032 2228 1
2033 2034 1
2033 4190 1
2035 2036 1
2035 2037 1
2036 2038 1
2037 2039 1
2037 2040 1
2037 2041 1
2038 2042 1
2038 2043 1
2040 2180 1
2041 2187 1
2044 2045 1
2045 2057 1
2046 2058 1
2047 2057 1
2047 2059 1
2047 2060 1
2048 2090 1
2048 2095 1
2049 2050 1
2049 2051 1
2050 2053 1
2050 2064 1
2050 2068 1
2052 2095 1
2052 2096 1
2053 2075 1
2053 2076 1
2054 2058 1
2055 2057 1
2055 2088 1
2056 2091 1
2057 2061 1
2058 2062 1
2059 2102 1
2060 2099 1
2060 2103 1
2060 2104 1
2061 2088 1
2061 2089 1
2062 2063 1
2064 2065 1
2064 2066 1
2064 2067 1
2065 2069 1
2066 2070 1
2066 2071 1
2067 2072 1
2067 2073 1
2067 2074 1
2068 2073 1
2068 2077 1
2068 2078 1
2069 2079 1
2070 2079 1
2070 2146 1
2071 2079 1
2072 2074 1
2073 2074 1
2075 2098 1
2076 2099 1
2076 2100 1
2076 2101 1
2077 2100 1
2080 2081 1
2084 2086 1
2084 2087 1
2088 2090 1
2089 2097 1
2089 2102 1
2091 2092 1
2091 2093 1
2095 2097 1
2096 2098 1
2098 2099 1
2099 2102 1
2105 2106 1
2105 2141 1
2105 2142 1
2106 2142 1
2106 2143 1
2108 2109 1
2109 2111 1
2110 2112 1
2110 2113 1
2111 2214 1
2113 2114 1
2113 2115 1
2113 2116 1
2114 2117 1
2115 2118 1
2115 2119 1
2115 2120 1
2116 2120 1
2116 2121 1
2117 2118 1
2117 4169 1
2122 2123 1
2122 2124 1
2122 2125 1
2123 2126 1
2123 2127 1
2123 2128 1
2124 2126 1
2124 2129 1
2125 2129 1
2125 2130 1
2125 2131 1
2126 2132 1
2127 2131 1
2127 2136 1
2128 2133 1
2128 2134 1
2128 2135 1
2129 2137 1
2132 2138 1
2132 2139 1
2141 2281 1
2141 2284 1
2142 2285 1
2143 2228 1
2143 2305 1
2144 2145 1
2145 2146 1
2145 2147 1
2148 2149 1
2148 2150 1
2148 2151 1
2148 2152 1
2149 2150 1
2149 2153 1
2150 2154 1
2153 2155 1
2154 2156 1
2154 2157 1
2155 4079 1
2155 4089 1
2156 2163 1
2156 4155 1
2157 4158 1
2157 4161 1
2158 2161 1
2158 2162 1
2159 2160 1
2159 4191 1
2160 2162 1
2160 2229 1
2161 2162 1
2163 4130 1
2165 2166 1
2165 2167 1
2166 2168 1
2166 2169 1
2167 2171 1
2167 2172 1
2168 2169 1
2169 2173 1
2170 2174 1
2171 2230 1
2171 2236 1
2172 2236 1
2172 2238 1
2173 2207 1
2173 2208 1
2176 2177 1
2176 2178 1
2176 2179 1
2176 2180 1
2177 2181 1
2177 2182 1
2178 2179 1
2178 2183 1
2179 2180 1
2179 2184 1
2181 2185 1
2181 2186 1
2182 2186 1
2182 2187 1
2183 2188 1
2183 2189 1
2183 2190 1
2185 2191 1
2185 2197 1
2186 2199 1
2186 2200 1
2187 2200 1
2188 2191 1
2188 2192 1
2189 2193 1
2189 2194 1
2190 2194 1
2190 2195 1
2192 2196 1
2195 2322 1
2196 2198 1
2197 2198 1
2197 2199 1
2201 2233 1
2202 2209 1
2202 2234 1
2203 2210 1
2204 2206 1
2204 2266 1
2207 2238 1
2207 2275 1
2207 2276 1
2208 2277 1
2208 2278 1
2209 2234 1
2211 2212 1
2211 2213 1
2212 2214 1
2212 2215 1
2212 2216 1
2213 2215 1
2213 2217 1
2214 2218 1
2214 2219 1
2215 2220 1
2216 2219 1
2216 2221 1
2216 2222 1
2218 2223 1
2218 2224 1
2219 2224 1
2219 2225 1
2220 2222 1
2221 2225 1
2221 3804 1
2222 3804 1
2223 2289 1
2223 2290 1
2223 2291 1
2224 2291 1
2224 2292 1
2225 2292 1
2226 2293 1
2226 2298 1
2228 2302 1
2229 4190 1
2229 4191 1
2231 2309 1
2231 2310 1
2232 2310 1
2232 2311 1
2234 2239 1
2234 2240 1
2236 2237 1
2237 2334 1
2237 2338 1
2238 2321 1
2239 2277 1
2239 2279 1
2240 2280 1
2241 2242 1
2241 2243 1
2241 2244 1
2242 2245 1
2242 2246 1
2242 2247 1
2243 2245 1
2243 2248 1
2244 2249 1
2244 2250 1
2244 2251 1
2245 2252 1
2245 2253 1
2246 2254 1
2246 2255 1
2247 2256 1
2247 2257 1
2248 2264 1
2248 2265 1
2249 4123 1
2250 2251 1
2250 4096 1
2252 2261 1
2252 2262 1
2252 2263 1
2253 2258 1
2253 2259 1
2253 2260 1
2258 2261 1
2258 4734 1
2258 4737 1
2261 4742 1
2262 2263 1
2262 4742 1
2262 4749 1
2263 4883 1
2263 4898 1
2264 2265 1
2264 4100 1
2267 2268 1
2267 2269 1
2268 2274 1
2275 2278 1
2275 2321 1
2277 2280 1
2281 2282 1
2281 2283 1
2282 2285 1
2282 2286 1
2285 2286 1
2286 2287 1
2286 2288 1
2287 2305 1
2287 2308 1
2289 2293 1
2289 2294 1
2290 2294 1
2290 2295 1
2290 2296 1
2291 2296 1
2291 2297 1
2294 2298 1
2294 2299 1
2298 2300 1
2298 2301 1
2299 2300 1
2301 4163 1
2302 2303 1
2302 2304 1
2303 2305 1
2303 2306 1
2304 2306 1
2304 2307 1
2306 2308 1
2308 2312 1
2309 2334 1
2309 2335 1
2310 2340 1
2313 2314 1
2313 2315 1
2314 2316 1
2315 2317 1
2315 2318 1
2316 2319 1
2316 2320 1
2317 2369 1
2317 2370 1
2318 2368 1
2318 2371 1
2319 2362 1
2320 2368 1
2322 2326 1
2323 2328 1
2323 2329 1
2324 2330 1
2324 2331 1
2325 2332 1
2325 2333 1
2327 2329 1
2334 2336 1
2335 2336 1
2335 2337 1
2336 2339 1
2337 2339 1
2337 2342 1
2339 2360 1
2341 2400 1
2343 2344 1
2343 2345 1
2343 2346 1
2343 2347 1
2344 2348 1
2344 2349 1
2345 2348 1
2345 2350 1
2345 2351 1
2346 2351 1
2346 2352 1
2347 2352 1
2347 2353 1
2348 2354 1
2349 2353 1
2349 2355 1
2350 2357 1
2350 2358 1
2351 2356 1
2354 2358 1
2354 2359 1
2356 2357 1
2360 2394 1
2360 2397 1
2361 2364 1
2361 2365 1
2362 2366 1
2362 2367 1
2364 2372 1
2364 2380 1
2365 2382 1
2365 2383 1
2366 4236 1
2366 4261 1
2367 2368 1
2368 4236 1
2369 2372 1
2369 2373 1
2370 2374 1
2370 2375 1
2370 2376 1
2371 4237 1
2371 4238 1
2372 2377 1
2373 2374 1
2373 2378 1
2373 2379 1
2377 2380 1
2377 2381 1
2382 2383 1
2384 2385 1
2385 2386 1
2386 2388 1
2386 2389 1
2390 2392 1
2390 2393 1
2392 2394 1
2392 2395 1
2393 2396 1
2395 2398 1
2395 2399 1
2400 2401 1
2402 2405 1
2402 2410 1
2402 2416 1
2403 2404 1
2403 2405 1
2404 2406 1
2405 2406 1
2405 2407 1
2406 2408 1
2406 2409 1
2407 2409 1
2408 2419 1
2408 2459 1
2408 2460 1
2410 2411 1
2410 2412 1
2411 2412 1
2411 2413 1
2411 2414 1
2412 2415 1
2413 2414 1
2413 2418 1
2414 2415 1
2414 2417 1
2415 2417 1
2415 2419 1
2416 2465 1
2416 2466 1
2417 2458 1
2418 2467 1
2419 2457 1
2420 2421 1
2420 2422 1
2420 2423 1
2421 2424 1
2421 2425 1
2421 2426 1
2422 2427 1
2422 2428 1
2423 2429 1
2423 2430 1
2424 2427 1
2424 2431 1
2425 2432 1
2425 2433 1
2426 2434 1
2426 2435 1
2427 2436 1
2428 2430 1
2428 2441 1
2431 2437 1
2431 2438 1
2436 2439 1
2436 2440 1
2438 2440 1
2439 2441 1
2442 2443 1
2442 2444 1
2442 2445 1
2442 2446 1
2443 2447 1
2443 2448 1
2443 2449 1
2444 2446 1
2444 2450 1
2445 2446 1
2445 2451 1
2446 2452 1
2447 2448 1
2447 2450 1
2448 2453 1
2449 2451 1
2449 2453 1
2450 2454 1
2451 2470 1
2451 2483 1
2452 2593 1
2452 2594 1
2452 2595 1
2453 2483 1
2453 2581 1
2454 2455 1
2454 2456 1
2457 2458 1
2457 2461 1
2459 2462 1
2459 2463 1
2460 2461 1
2460 2463 1
2460 2464 1
2465 2587 1
2466 2626 1
2467 2625 1
2468 2469 1
2468 2470 1
2468 2471 1
2469 2472 1
2469 2473 1
2470 2474 1
2471 2475 1
2471 2476 1
2471 2477 1
2472 2473 1
2472 2474 1
2473 2478 1
2473 2479 1
2474 2480 1
2475 2687 1
2475 2688 1
2476 2688 1
2476 2689 1
2477 2529 1
2477 2689 1
2477 2690 1
2478 2479 1
2478 2482 1
2478 2518 1
2478 2522 1
2478 2526 1
2479 2529 1
2479 2530 1
2480 2481 1
2480 2482 1
2481 2482 1
2481 2650 1
2483 2581 1
2483 2582 1
2484 2485 1
2484 2486 1
2484 2487 1
2485 2486 1
2485 2488 1
2486 2489 1
2487 2490 1
2487 2491 1
2488 2492 1
2489 2491 1
2489 2493 1
2490 2492 1
2490 2495 1
2491 2493 1
2492 2494 1
2493 2846 1
2494 2496 1
2494 2497 1
2494 2498 1
2494 2499 1
2495 2500 1
2495 2501 1
2496 2538 1
2496 2539 1
2496 2546 1
2496 2547 1
2496 2548 1
2497 2546 1
2497 2550 1
2497 2555 1
2498 2700 1
2498 2702 1
2498 2706 1
2499 2715 1
2499 2716 1
2500 2501 1
2500 2817 1
2501 2818 1
2502 2503 1
2502 2504 1
2502 2505 1
2502 2506 1
2503 2504 1
2503 2507 1
2504 2505 1
2504 2508 1
2505 2512 1
2506 2509 1
2506 2510 1
2506 2511 1
2507 2510 1
2507 2513 1
2507 2514 1
2508 2513 1
2508 2515 1
2508 2516 1
2509 2512 1
2509 2812 1
2510 2514 1
2510 2778 1
2511 2813 1
2511 2814 1
2512 2516 1
2513 2783 1
2513 2785 1
2514 2785 1
2515 2780 1
2515 2781 1
2515 2782 1
2516 2540 1
2516 2782 1
2516 2809 1
2517 2518 1
2517 2519 1
2517 2520 1
2518 2519 1
2519 2521 1
2519 2522 1
2520 2523 1
2520 2524 1
2520 2525 1
2521 2527 1
2521 2528 1
2522 2529 1
2522 2530 1
2523 2643 1
2523 2647 1
2524 2629 1
2524 2639 1
2524 2643 1
2525 2632 1
2525 2649 1
2526 2649 1
2526 2651 1
2527 2596 1
2527 2597 1
2528 2598 1
2528 2599 1
2528 2600 1
2529 2530 1
2529 2718 1
2531 2532 1
2531 2533 1
2531 2534 1
2532 2535 1
2532 2536 1
2533 2537 1
2533 2538 1
2534 2539 1
2534 2540 1
2535 2536 1
2535 2541 1
2536 2542 1
2537 2543 1
2537 2544 1
2538 2544 1
2539 2551 1
2540 2781 1
2540 2784 1
2541 2561 1
2541 2564 1
2542 2566 1
2544 2545 1
2546 2549 1
2546 2550 1
2547 2548 1
2547 2552 1
2548 2551 1
2548 2553 1
2549 2550 1
2549 2554 1
2549 2555 1
2550 2555 1
2551 2553 1
2552 2848 1
2552 2849 1
2553 2784 1
2553 2848 1
2554 2556 1
2554 2557 1
2555 2558 1
2556 2559 1
2558 2700 1
2558 2703 1
2558 2705 1
2559 2560 1
2560 2561 1
2560 2562 1
2561 2563 1
2563 2565 1
2563 2566 1
2564 2567 1
2565 2705 1
2568 2569 1
2568 2570 1
2568 2571 1
2569 2572 1
2569 2573 1
2570 2572 1
2570 2574 1
2571 2574 1
2571 2575 1
2572 2576 1
2573 2575 1
2573 2577 1
2574 2578 1
2575 3241 1
2576 2579 1
2576 2580 1
2577 2579 1
2577 3381 1
2578 3307 1
2579 3382 1
2580 3382 1
2580 3385 1
2581 2583 1
2582 2628 1
2582 2629 1
2583 2584 1
2583 2585 1
2584 2586 1
2584 2587 1
2585 2586 1
2585 2588 1
2586 2589 1
2587 2590 1
2588 2591 1
2588 2592 1
2590 2627 1
2593 2687 1
2593 2691 1
2594 2691 1
2594 2692 1
2594 2694 1
2595 2692 1
2595 2693 1
2596 2601 1
2596 2602 1
2597 2602 1
2597 2603 1
2598 2718 1
2598 2721 1
2599 2710 1
2599 2723 1
2599 2724 1
2600 2722 1
2600 2723 1
2601 2604 1
2601 2605 1
2601 2606 1
2602 2605 1
2603 2605 1
2603 2747 1
2604 2606 1
2604 2607 1
2604 2608 1
2605 2609 1
2606 2609 1
2606 2610 1
2607 2611 1
2607 2612 1
2608 2610 1
2608 2612 1
2609 2747 1
2609 2759 1
2611 2613 1
2611 2614 1
2612 2614 1
2613 2615 1
2615 2616 1
2616 2617 1
2617 2618 1
2618 2619 1
2619 2620 1
2620 2621 1
2620 2622 1
2621 2622 1
2621 2623 1
2622 2623 1
2623 2624 1
2624 2625 1
2628 2630 1
2628 2631 1
2629 2631 1
2629 2632 1
2631 2633 1
2632 2650 1
2633 2634 1
2633 2635 1
2635 2636 1
2635 2637 1
2636 2638 1
2636 2639 1
2637 2639 1
2638 2640 1
2638 2641 1
2640 2642 1
2640 2643 1
2642 2644 1
2642 2645 1
2644 2646 1
2644 2647 1
2647 2648 1
2650 2651 1
2652 2653 1
2652 2654 1
2652 2655 1
2652 2656 1
2653 2657 1
2653 2658 1
2654 2659 1
2654 2660 1
2655 2662 1
2655 2663 1
2655 2664 1
2655 2665 1
2655 2666 1
2656 2661 1
2656 2662 1
2657 2667 1
2657 2668 1
2658 2664 1
2658 2669 1
2659 2660 1
2659 2670 1
2659 2671 1
2660 2672 1
2660 2673 1
2663 2665 1
2664 2686 1
2665 2666 1
2667 2669 1
2667 2680 1
2667 2684 1
2669 2686 1
2670 2674 1
2670 2675 1
2670 2676 1
2671 2672 1
2671 2677 1
2671 2678 1
2672 2673 1
2674 2679 1
2674 2680 1
2675 2680 1
2675 2681 1
2675 2682 1
2676 2683 1
2677 2683 1
2681 2684 1
2684 2685 1
2687 2695 1
2688 2699 1
2689 2699 1
2690 2699 1
2690 2701 1
2690 2709 1
2691 2696 1
2695 2697 1
2695 2698 1
2699 2703 1
2700 2701 1
2700 2702 1
2701 2703 1
2701 2704 1
2702 2704 1
2702 2707 1
2703 2708 1
2704 2709 1
2704 2710 1
2705 2713 1
2706 2716 1
2706 2717 1
2707 2710 1
2707 2745 1
2707 2753 1
2708 2711 1
2708 2712 1
2708 2713 1
2709 2714 1
2710 2741 1
2712 2988 1
2714 2719 1
2714 2720 1
2715 2862 1
2715 2867 1
2716 2857 1
2716 2863 1
2717 2863 1
2717 2873 1
2718 2719 1
2718 2720 1
2719 2720 1
2720 2721 1
2721 2725 1
2722 2723 1
2722 2743 1
2726 2727 1
2726 2728 1
2726 2729 1
2727 2728 1
2727 2730 1
2728 2731 1
2728 2732 1
2729 2733 1
2729 2734 1
2730 2735 1
2730 2736 1
2730 2737 1
2731 2738 1
2731 2739 1
2733 3357 1
2733 3363 1
2734 3370 1
2734 3371 1
2735 3372 1
2737 3373 1
2737 3374 1
2738 2877 1
2738 3454 1
2739 3453 1
2740 2741 1
2740 2742 1
2740 2743 1
2740 2744 1
2741 2745 1
2741 2746 1
2742 2743 1
2744 2746 1
2744 2747 1
2744 2748 1
2745 2749 1
2745 2750 1
2746 2751 1
2746 2752 1
2747 2754 1
2748 2754 1
2748 2755 1
2748 2756 1
2749 2878 1
2749 2890 1
2750 2751 1
2750 2885 1
2751 3076 1
2751 3077 1
2752 2755 1
2752 3079 1
2753 2894 1
2753 2895 1
2753 2896 1
2754 2757 1
2754 2758 1
2755 3079 1
2760 2761 1
2760 2762 1
2760 2763 1
2761 2764 1
2761 2765 1
2762 2766 1
2762 2767 1
2763 2768 1
2763 2769 1
2764 2770 1
2764 2771 1
2764 2772 1
2765 2773 1
2765 2774 1
2766 2775 1
2766 2777 1
2767 2778 1
2767 2779 1
2768 2786 1
2768 2787 1
2768 2788 1
2769 2791 1
2769 2795 1
2770 2775 1
2771 2775 1
2771 2776 1
2773 2795 1
2773 3285 1
2776 2831 1
2778 2796 1
2778 2797 1
2778 2798 1
2778 2799 1
2780 2781 1
2780 2783 1
2781 2782 1
2783 2784 1
2783 2785 1
2784 2785 1
2785 2816 1
2786 2789 1
2786 2790 1
2787 2790 1
2787 2794 1
2788 2791 1
2788 2792 1
2788 2793 1
2789 2796 1
2789 2807 1
2791 2792 1
2791 3285 1
2792 3288 1
2793 3281 1
2794 3272 1
2794 3280 1
2794 3281 1
2795 3287 1
2796 2800 1
2797 2801 1
2797 2802 1
2798 2803 1
2798 2804 1
2799 2805 1
2799 2806 1
2800 2808 1
2801 2830 1
2801 2918 1
2802 2830 1
2802 2919 1
2803 2813 1
2803 3232 1
2804 3233 1
2804 3234 1
2805 3266 1
2805 3267 1
2806 3272 1
2806 3273 1
2807 2808 1
2808 3272 1
2809 2810 1
2809 2811 1
2812 2815 1
2813 3226 1
2814 3227 1
2814 3228 1
2814 3229 1
2816 2823 1
2816 2825 1
2816 2826 1
2817 2819 1
2817 2820 1
2818 2820 1
2818 2821 1
2818 2822 1
2819 2854 1
2820 2850 1
2820 2851 1
2821 2823 1
2821 2827 1
2822 2852 1
2822 2853 1
2823 2824 1
2824 2828 1
2824 2829 1
2825 2830 1
2825 2831 1
2826 2832 1
2826 2833 1
2827 2834 1
2827 2835 1
2828 3134 1
2829 3130 1
2831 2920 1
2832 3310 1
2832 3319 1
2832 3320 1
2833 3143 1
2834 2836 1
2835 2837 1
2835 2838 1
2836 2838 1
2836 2839 1
2837 2841 1
2837 2847 1
2838 2842 1
2839 2840 1
2839 2841 1
2841 2843 1
2841 2844 1
2842 2847 1
2844 2845 1
2844 2846 1
2845 2846 1
2845 2848 1
2850 2855 1
2850 2857 1
2850 2858 1
2851 2858 1
2852 2853 1
2852 3089 1
2853 3141 1
2854 2855 1
2855 2856 1
2857 2859 1
2859 2860 1
2859 2861 1
2859 2862 1
2860 2864 1
2861 2862 1
2861 2865 1
2862 2866 1
2863 2871 1
2863 2872 1
2864 2867 1
2864 2868 1
2865 2929 1
2865 2930 1
2868 2869 1
2868 2870 1
2871 2898 1
2871 2922 1
2872 2925 1
2872 2926 1
2874 2875 1
2874 2876 1
2874 2877 1
2875 2878 1
2875 2879 1
2876 2880 1
2876 2881 1
2876 2882 1
2877 2883 1
2877 2884 1
2878 2885 1
2878 2886 1
2879 2887 1
2879 2888 1
2879 2889 1
2880 2902 1
2880 2909 1
2882 2905 1
2882 2911 1
2883 3451 1
2883 3453 1
2884 3455 1
2884 3456 1
2885 2891 1
2886 2892 1
2886 2893 1
2887 2889 1
2887 2892 1
2887 3515 1
2889 3521 1
2891 3090 1
2891 3093 1
2892 3512 1
2894 2897 1
2895 2898 1
2896 2898 1
2896 2899 1
2896 2900 1
2897 2900 1
2897 2901 1
2898 2921 1
2899 2924 1
2899 3104 1
2900 2904 1
2901 2902 1
2901 2903 1
2902 2905 1
2903 2906 1
2903 2907 1
2903 2908 1
2904 3163 1
2904 3164 1
2905 2908 1
2905 2910 1
2906 3181 1
2906 3182 1
2907 3185 1
2908 3187 1
2910 2911 1
2910 3421 1
2911 3446 1
2912 2913 1
2912 2914 1
2913 2915 1
2914 2915 1
2914 2916 1
2915 2917 1
2919 3290 1
2919 3291 1
2921 2923 1
2921 2924 1
2922 2927 1
2922 2928 1
2923 3099 1
2923 3104 1
2925 3083 1
2925 3085 1
2927 3082 1
2927 3084 1
2928 3086 1
2928 3087 1
2931 2932 1
2932 2933 1
2932 2934 1
2932 2935 1
2936 2937 1
2936 2938 1
2936 2939 1
2937 2940 1
2937 2941 1
2939 2942 1
2940 2943 1
2940 2944 1
2942 2945 1
2942 2946 1
2942 2947 1
2943 3068 1
2943 3075 1
2945 2946 1
2945 2948 1
2946 2949 1
2949 2950 1
2949 2951 1
2950 2952 1
2950 2953 1
2951 2954 1
2951 2955 1
2952 2956 1
2953 2956 1
2953 2957 1
2954 2959 1
2954 2960 1
2956 2958 1
2959 2961 1
2959 2962 1
2960 2963 1
2960 2964 1
2961 2965 1
2962 2965 1
2963 2967 1
2963 2968 1
2963 2969 1
2965 2966 1
2967 2970 1
2967 2971 1
2968 2972 1
2968 2973 1
2969 2974 1
2969 2975 1
2969 2976 1
2970 2971 1
2970 2974 1
2971 2974 1
2974 2977 1
2974 2978 1
2974 2979 1
2975 2981 1
2975 2982 1
2977 2980 1
2977 2981 1
2978 2979 1
2978 2982 1
2979 2982 1
2980 2983 1
2980 2984 1
2981 2985 1
2981 2986 1
2981 2987 1
2981 2988 1
2983 2989 1
2983 2990 1
2984 2991 1
2986 2988 1
2989 2992 1
2989 2993 1
2990 2994 1
2990 2995 1
2992 2996 1
2992 2997 1
2993 2994 1
2993 2997 1
2993 2998 1
2996 2999 1
2996 3000 1
2997 3001 1
2999 3002 1
2999 3003 1
3000 3004 1
3002 3005 1
3002 3006 1
3002 3007 1
3002 3008 1
3003 3004 1
3005 3009 1
3005 3010 1
3006 3008 1
3006 3011 1
3007 3010 1
3007 3012 1
3008 3011 1
3009 3013 1
3009 3014 1
3010 3015 1
3012 3025 1
3013 3016 1
3013 3017 1
3014 3018 1
3014 3019 1
3015 3020 1
3015 3021 1
3015 3022 1
3020 3023 1
3020 3024 1
3021 3022 1
3021 3026 1
3022 3025 1
3023 3027 1
3023 3028 1
3023 3029 1
3023 3030 1
3024 3031 1
3024 3032 1
3029 3032 1
3029 3033 1
3030 3032 1
3031 3040 1
3033 3034 1
3034 3035 1
3035 3036 1
3035 3037 1
3036 3038 1
3036 3039 1
3037 3040 1
3037 3041 1
3038 3042 1
3038 3043 1
3038 3044 1
3039 3045 1
3039 3046 1
3042 3047 1
3042 3048 1
3043 3049 1
3043 3050 1
3043 3051 1
3044 3052 1
3044 3053 1
3044 3054 1
3048 3055 1
3048 3056 1
3049 3059 1
3049 3060 1
3050 3061 1
3050 3062 1
3050 3063 1
3051 3064 1
3051 3065 1
3056 3057 1
3056 3058 1
3059 3066 1
3059 3067 1
3060 3068 1
3060 3069 1
3067 3068 1
3067 3070 1
3070 3071 1
3070 3072 1
3072 3073 1
3072 3074 1
3076 3078 1
3077 3079 1
3077 3080 1
3077 3081 1
3078 3090 1
3082 3083 1
3083 3084 1
3084 3086 1
3085 3088 1
3085 3089 1
3086 3088 1
3086 3111 1
3087 3100 1
3087 3106 1
3088 3127 1
3089 3140 1
3089 3141 1
3090 3091 1
3090 3092 1
3091 3094 1
3092 3095 1
3092 3096 1
3092 3097 1
3093 3098 1
3099 3100 1
3099 3101 1
3100 3102 1
3100 3103 1
3101 3105 1
3102 3107 1
3102 3108 1
3103 3109 1
3104 3105 1
3104 3110 1
3105 3109 1
3106 3112 1
3106 3113 1
3107 3113 1
3107 3146 1
3107 3151 1
3109 3151 1
3110 3160 1
3110 3161 1
3110 3162 1
3111 3127 1
3111 3128 1
3114 3115 1
3114 3116 1
3114 3117 1
3115 3116 1
3115 3118 1
3116 3119 1
3117 3120 1
3117 3121 1
3118 3122 1
3118 3123 1
3118 3124 1
3119 3125 1
3119 3126 1
3120 3121 1
3120 3477 1
3120 3483 1
3121 3124 1
3122 3459 1
3123 3460 1
3123 3461 1
3123 3462 1
3124 3462 1
3124 3463 1
3125 3468 1
3125 3476 1
3125 3477 1
3127 3140 1
3128 3140 1
3129 3130 1
3129 3131 1
3130 3132 1
3130 3133 1
3131 3134 1
3132 3135 1
3132 3136 1
3134 3137 1
3135 3142 1
3135 3143 1
3137 3138 1
3137 3139 1
3138 3142 1
3139 3143 1
3144 3145 1
3144 3146 1
3144 3147 1
3145 3148 1
3145 3149 1
3146 3150 1
3147 3151 1
3147 3152 1
3147 3153 1
3148 3154 1
3148 3155 1
3149 3156 1
3150 3154 1
3150 3157 1
3151 3171 1
3152 3179 1
3152 3220 1
3153 3221 1
3153 3319 1
3155 3156 1
3155 3159 1
3157 3158 1
3157 3159 1
3160 3163 1
3161 3167 1
3161 3168 1
3162 3164 1
3162 3169 1
3162 3170 1
3163 3165 1
3164 3166 1
3166 3177 1
3166 3190 1
3167 3174 1
3167 3180 1
3169 3170 1
3169 3175 1
3170 3176 1
3171 3172 1
3171 3173 1
3172 3174 1
3172 3175 1
3172 3176 1
3173 3178 1
3173 3179 1
3175 3176 1
3176 3177 1
3177 3223 1
3177 3342 1
3178 3218 1
3178 3223 1
3179 3220 1
3181 3183 1
3181 3184 1
3183 3185 1
3183 3186 1
3184 3187 1
3185 3188 1
3186 3191 1
3186 3192 1
3187 3356 1
3188 3189 1
3188 3190 1
3189 3338 1
3189 3339 1
3190 3340 1
3191 3224 1
3191 3335 1
3192 3336 1
3192 3337 1
3193 3194 1
3193 3195 1
3193 3196 1
3194 3197 1
3194 3198 1
3194 3199 1
3195 3200 1
3195 3201 1
3196 3198 1
3196 3202 1
3197 3200 1
3197 3203 1
3197 3204 1
3198 3206 1
3198 3207 1
3199 3205 1
3200 3204 1
3201 3211 1
3201 3212 1
3202 3211 1
3203 3208 1
3203 3209 1
3204 3210 1
3205 3208 1
3206 3211 1
3213 3214 1
3213 3215 1
3214 3216 1
3214 3217 1
3215 3218 1
3215 3219 1
3216 3220 1
3216 3221 1
3216 3222 1
3217 3218 1
3222 3225 1
3223 3224 1
3224 3341 1
3225 3319 1
3226 3230 1
3226 3231 1
3234 3274 1
3234 3275 1
3235 3236 1
3235 3237 1
3235 3238 1
3236 3239 1
3236 3240 1
3237 3241 1
3237 3242 1
3238 3243 1
3238 3244 1
3239 3245 1
3239 3246 1
3239 3247 1
3240 3248 1
3240 3249 1
3240 3250 1
3241 3263 1
3243 3395 1
3243 3396 1
3246 3251 1
3246 3252 1
3247 3250 1
3251 3253 1
3251 3254 1
3251 3255 1
3252 3256 1
3253 3254 1
3253 3257 1
3254 3255 1
3254 3258 1
3255 3259 1
3256 3265 1
3258 3260 1
3258 3261 1
3261 3262 1
3261 3263 1
3263 3264 1
3264 3265 1
3266 3268 1
3266 3269 1
3267 3270 1
3267 3271 1
3268 3274 1
3268 3277 1
3269 3278 1
3269 3279 1
3270 3292 1
3270 3293 1
3271 3273 1
3271 3294 1
3273 3295 1
3274 3276 1
3280 3283 1
3280 3284 1
3281 3282 1
3283 3300 1
3283 3304 1
3284 3295 1
3285 3286 1
3286 3288 1
3286 3289 1
3292 3294 1
3292 3295 1
3293 3296 1
3293 3297 1
3296 3298 1
3296 3299 1
3297 3299 1
3297 3305 1
3297 3306 1
3298 3300 1
3298 3301 1
3299 3302 1
3300 3303 1
3308 3309 1
3308 3310 1
3308 3311 1
3308 3312 1
3309 3311 1
3309 3313 1
3309 3314 1
3310 3313 1
3311 3314 1
3311 3315 1
3312 3316 1
3312 3317 1
3313 3314 1
3314 3318 1
3315 3532 1
3315 3533 1
3315 3534 1
3316 3517 1
3316 3527 1
3317 3512 1
3317 3517 1
3318 3529 1
3318 3530 1
3318 3531 1
3321 3322 1
3321 3323 1
3321 3324 1
3321 3325 1
3322 3323 1
3322 3326 1
3323 3327 1
3324 3328 1
3324 3329 1
3325 3330 1
3325 3331 1
3326 3330 1
3326 3332 1
3327 3333 1
3327 3334 1
3328 3592 1
3328 3595 1
3331 3604 1
3332 3412 1
3332 3416 1
3335 3344 1
3336 3345 1
3336 3349 1
3337 3355 1
3337 3356 1
3338 3341 1
3338 3342 1
3339 3340 1
3341 3343 1
3344 3345 1
3344 3347 1
3344 3348 1
3345 3346 1
3346 3350 1
3346 3351 1
3347 3350 1
3347 3352 1
3349 3353 1
3349 3354 1
3350 3352 1
3351 3379 1
3351 3380 1
3353 3354 1
3353 3447 1
3354 3422 1
3356 3422 1
3357 3358 1
3357 3359 1
3358 3360 1
3358 3361 1
3358 3362 1
3359 3363 1
3359 3364 1
3359 3365 1
3360 3366 1
3360 3367 1
3361 3368 1
3361 3369 1
3363 3370 1
3364 3368 1
3364 3527 1
3365 3520 1
3365 3523 1
3365 3527 1
3366 3372 1
3366 3376 1
3368 3526 1
3371 3455 1
3371 3524 1
3372 3375 1
3374 3450 1
3374 3451 1
3375 3377 1
3375 3378 1
3377 3449 1
3377 3457 1
3378 3458 1
3379 3458 1
3379 3484 1
3381 3383 1
3381 3384 1
3382 3385 1
3383 3388 1
3383 3391 1
3384 3394 1
3385 3386 1
3386 3387 1
3387 3388 1
3387 3389 1
3388 3390 1
3390 3392 1
3390 3393 1
3391 3394 1
3391 3395 1
3394 3399 1
3395 3397 1
3395 3398 1
3397 3402 1
3397 3403 1
3397 3404 1
3398 3400 1
3398 3401 1
3405 3406 1
3406 3407 1
3406 3408 1
3409 3410 1
3409 3411 1
3409 3412 1
3410 3413 1
3411 3414 1
3411 3415 1
3412 3416 1
3413 3414 1
3414 3417 1
3415 3419 1
3415 3420 1
3417 3418 1
3421 3423 1
3421 3446 1
3422 3423 1
3423 3447 1
3424 3425 1
3424 3426 1
3424 3427 1
3424 3428 1
3425 3426 1
3425 3429 1
3425 3430 1
3425 3431 1
3426 3432 1
3426 3433 1
3427 3434 1
3428 3434 1
3428 3435 1
3429 3436 1
3429 3438 1
3429 3439 1
3430 3436 1
3430 3437 1
3431 3435 1
3431 3440 1
3432 3441 1
3432 3442 1
3433 3443 1
3433 3444 1
3433 3445 1
3437 3440 1
3441 4805 1
3441 4853 1
3442 4805 1
3444 3445 1
3444 4812 1
3446 3449 1
3447 3448 1
3448 3449 1
3448 3458 1
3451 3452 1
3453 3454 1
3455 3525 1
3459 3460 1
3459 3464 1
3460 3461 1
3460 3467 1
3464 3465 1
3464 3466 1
3465 3468 1
3465 3469 1
3466 3469 1
3466 3470 1
3466 3471 1
3467 3471 1
3468 3472 1
3468 3473 1
3468 3474 1
3469 3475 1
3470 3475 1
3472 3476 1
3472 3478 1
3472 3479 1
3473 3480 1
3473 3481 1
3474 3475 1
3474 3481 1
3476 3482 1
3477 3483 1
3484 3485 1
3484 3486 1
3487 3488 1
3487 3489 1
3487 3490 1
3488 3491 1
3488 3492 1
3488 3493 1
3489 3494 1
3489 3495 1
3489 3496 1
3490 3497 1
3490 3498 1
3490 3499 1
3491 3494 1
3491 3500 1
3491 3501 1
3492 3502 1
3492 3503 1
3493 3504 1
3493 3505 1
3493 3506 1
3494 3495 1
3494 3500 1
3495 3507 1
3496 3497 1
3496 3511 1
3497 3511 1
3497 3740 1
3498 3740 1
3500 3507 1
3500 3508 1
3501 3509 1
3501 3510 1
3502 3509 1
3504 3505 1
3505 3506 1
3507 3724 1
3507 3725 1
3508 3509 1
3508 3728 1
3511 3726 1
3511 3734 1
3511 3735 1
3511 3736 1
3512 3513 1
3512 3514 1
3513 3516 1
3513 3517 1
3514 3518 1
3514 3519 1
3515 3516 1
3515 3520 1
3516 3522 1
3517 3523 1
3527 3528 1
3529 3546 1
3529 3550 1
3529 3551 1
3530 3560 1
3531 3561 1
3532 3547 1
3533 3557 1
3534 3558 1
3534 3559 1
3535 3536 1
3535 3537 1
3535 3538 1
3536 3539 1
3536 3540 1
3537 3539 1
3537 3541 1
3538 3542 1
3538 3543 1
3540 3544 1
3540 3545 1
3542 3545 1
3542 3694 1
3543 3697 1
3543 3698 1
3544 3686 1
3544 3694 1
3546 3547 1
3546 3548 1
3546 3549 1
3548 3552 1
3548 3553 1
3549 3554 1
3549 3555 1
3549 3556 1
3550 3562 1
3551 3563 1
3564 3565 1
3564 3566 1
3564 3567 1
3564 3568 1
3565 3569 1
3565 3570 1
3565 3571 1
3565 3572 1
3565 3573 1
3566 3574 1
3566 3575 1
3567 3573 1
3567 3577 1
3567 3578 1
3568 3576 1
3569 3579 1
3569 3580 1
3570 3571 1
3570 3581 1
3570 3582 1
3571 3580 1
3571 3583 1
3572 3584 1
3573 3585 1
3574 3579 1
3574 3580 1
3574 3586 1
3575 3576 1
3575 3587 1
3575 3588 1
3576 3588 1
3580 3591 1
3581 3582 1
3581 3583 1
3583 3591 1
3586 3589 1
3586 3590 1
3592 3593 1
3592 3594 1
3593 3595 1
3593 3596 1
3593 3597 1
3594 3598 1
3594 3599 1
3595 3597 1
3596 3600 1
3596 3601 1
3596 3602 1
3597 3603 1
3597 3604 1
3598 3636 1
3598 3661 1
3600 3635 1
3600 3636 1
3601 3635 1
3602 3603 1
3602 3645 1
3603 3604 1
3605 3606 1
3605 3607 1
3605 3608 1
3605 3609 1
3606 3610 1
3606 3611 1
3606 3612 1
3607 3610 1
3607 3613 1
3607 3614 1
3607 3615 1
3608 3612 1
3608 3616 1
3609 3614 1
3609 3617 1
3609 3618 1
3610 3615 1
3610 3619 1
3611 3612 1
3611 3619 1
3612 3620 1
3613 3625 1
3613 3626 1
3614 3618 1
3614 3625 1
3615 3621 1
3615 3622 1
3616 3617 1
3616 3620 1
3617 3618 1
3619 3622 1
3619 3623 1
3619 3624 1
3620 3624 1
3625 3626 1
3627 3628 1
3627 3629 1
3627 3630 1
3628 3629 1
3628 3631 1
3629 3632 1
3632 3633 1
3632 3634 1
3633 3712 1
3635 3637 1
3635 3638 1
3636 3639 1
3636 3640 1
3637 3641 1
3637 3642 1
3638 3643 1
3638 3644 1
3639 3646 1
3639 3650 1
3640 3650 1
3640 3661 1
3640 3662 1
3641 3647 1
3643 3652 1
3643 3681 1
3644 3647 1
3646 3647 1
3646 3648 1
3646 3649 1
3647 3651 1
3648 3652 1
3648 3653 1
3648 3654 1
3649 3655 1
3649 3656 1
3650 3657 1
3650 3658 1
3651 3659 1
3651 3660 1
3652 3659 1
3653 3679 1
3653 3680 1
3655 3796 1
3655 3797 1
3656 3797 1
3657 3662 1
3658 3799 1
3663 3664 1
3663 3665 1
3663 3666 1
3664 3667 1
3664 3668 1
3664 3669 1
3665 3666 1
3665 3670 1
3666 3671 1
3667 3670 1
3667 3672 1
3667 3673 1
3668 3674 1
3668 3675 1
3668 3676 1
3669 3677 1
3669 3678 1
3674 3677 1
3679 3680 1
3679 3785 1
3681 3794 1
3682 3683 1
3682 3684 1
3682 3685 1
3683 3686 1
3683 3687 1
3684 3688 1
3684 3689 1
3685 3690 1
3686 3691 1
3687 3692 1
3687 3693 1
3688 3709 1
3688 3718 1
3689 3723 1
3690 3692 1
3694 3695 1
3695 3696 1
3697 3699 1
3697 3700 1
3698 3701 1
3699 3702 1
3700 3703 1
3700 3704 1
3702 3705 1
3702 3706 1
3703 3706 1
3703 3708 1
3704 3709 1
3704 3710 1
3704 3711 1
3706 3707 1
3709 3712 1
3709 3713 1
3710 3714 1
3710 3715 1
3711 3716 1
3711 3717 1
3712 3721 1
3712 3722 1
3713 3719 1
3713 3720 1
3718 3720 1
3724 3726 1
3724 3727 1
3725 3728 1
3725 3729 1
3726 3730 1
3727 3731 1
3727 3732 1
3727 3733 1
3730 3737 1
3730 3738 1
3730 3739 1
3732 3733 1
3735 3740 1
3735 3741 1
3735 3742 1
3743 3744 1
3743 3745 1
3743 3746 1
3744 3745 1
3744 3747 1
3745 3748 1
3746 3749 1
3746 3750 1
3748 3751 1
3748 3752 1
3751 3769 1
3753 3754 1
3753 3755 1
3753 3756 1
3754 3757 1
3754 3758 1
3755 3759 1
3755 3760 1
3756 3761 1
3756 3762 1
3757 3763 1
3757 3764 1
3758 3765 1
3758 3766 1
3759 3767 1
3759 3768 1
3760 3769 1
3763 3767 1
3763 3771 1
3764 3771 1
3764 3774 1
3764 3775 1
3766 3774 1
3767 3770 1
3770 3772 1
3770 3773 1
3771 3773 1
3776 3777 1
3776 3778 1
3776 3779 1
3777 3778 1
3777 3780 1
3778 3781 1
3781 3782 1
3781 3783 1
3784 3785 1
3784 3786 1
3784 3787 1
3784 3788 1
3785 3789 1
3786 3790 1
3786 3791 1
3787 3791 1
3787 3792 1
3788 3793 1
3789 3794 1
3789 3795 1
3790 3796 1
3790 3800 1
3792 3793 1
3796 3798 1
3797 3799 1
3798 3800 1
3798 3801 1
3798 3802 1
3799 3802 1
3803 3804 1
3805 3806 1
3805 3807 1
3805 3808 1
3806 3809 1
3806 3810 1
3807 3811 1
3807 3812 1
3808 3812 1
3808 3813 1
3809 3810 1
3809 3814 1
3810 3815 1
3811 3816 1
3811 3817 1
3811 3818 1
3812 3819 1
3814 3846 1
3815 3846 1
3815 3849 1
3815 3850 1
3816 3820 1
3817 3821 1
3817 3822 1
3820 3823 1
3820 3824 1
3823 3825 1
3823 3826 1
3823 3827 1
3824 3828 1
3824 3829 1
3825 3830 1
3825 3831 1
3826 3832 1
3826 3833 1
3827 3834 1
3827 3835 1
3828 3835 1
3831 3836 1
3831 3837 1
3836 3838 1
3836 3839 1
3837 3840 1
3837 3841 1
3837 3842 1
3838 3843 1
3839 3844 1
3839 3845 1
3843 3844 1
3843 3846 1
3844 3847 1
3844 3848 1
3851 3852 1
3851 3853 1
3851 3854 1
3851 3855 1
3852 3855 1
3852 3856 1
3853 3859 1
3853 3860 1
3854 3857 1
3854 3858 1
3855 3861 1
3855 3862 1
3856 3863 1
3856 3864 1
3858 3862 1
3859 3863 1
3865 3868 1
3869 3870 1
3869 3871 1
3869 3872 1
3870 3873 1
3870 3874 1
3871 3875 1
3871 3876 1
3872 3877 1
3872 3878 1
3873 3875 1
3873 3879 1
3874 3878 1
3875 3880 1
3876 3881 1
3876 3882 1
3878 3886 1
3879 3885 1
3879 3886 1
3880 3883 1
3880 3884 1
3881 3882 1
3887 3888 1
3887 3889 1
3887 3890 1
3888 3891 1
3889 3892 1
3889 3893 1
3890 3891 1
3890 3893 1
3890 3894 1
3890 3895 1
3891 3896 1
3892 3895 1
3892 3915 1
3893 3895 1
3894 3896 1
3894 3924 1
3896 3921 1
3897 3898 1
3897 3899 1
3897 3900 1
3898 3901 1
3899 3902 1
3899 3903 1
3900 3904 1
3900 3905 1
3901 3906 1
3901 3907 1
3901 3908 1
3902 3911 1
3902 3912 1
3903 3913 1
3903 3914 1
3904 3993 1
3904 3998 1
3904 4003 1
3905 4003 1
3905 4004 1
3906 3931 1
3906 3934 1
3907 3934 1
3907 3936 1
3907 3937 1
3908 3909 1
3909 3977 1
3909 3981 1
3910 3988 1
3911 3912 1
3911 3915 1
3911 3916 1
3912 3914 1
3912 3917 1
3913 3993 1
3913 4001 1
3914 3973 1
3914 4002 1
3915 3918 1
3916 3917 1
3916 3919 1
3917 3967 1
3917 3972 1
3918 3919 1
3918 3920 1
3919 3964 1
3920 3963 1
3920 3964 1
3921 3922 1
3921 3923 1
3922 3925 1
3922 3926 1
3923 3927 1
3923 3928 1
3924 3931 1
3924 3932 1
3925 3927 1
3925 3929 1
3926 3928 1
3926 3930 1
3927 3929 1
3928 3930 1
3929 3930 1
3931 3932 1
3932 3933 1
3934 3935 1
3935 3937 1
3935 3960 1
3936 3937 1
3936 3961 1
3937 3962 1
3938 3939 1
3938 3940 1
3938 3941 1
3938 3942 1
3939 3943 1
3939 3944 1
3940 3943 1
3940 3945 1
3940 3946 1
3941 3945 1
3941 3947 1
3941 3948 1
3941 3949 1
3941 3950 1
3943 3951 1
3943 3952 1
3944 3951 1
3944 3953 1
3944 3954 1
3945 3959 1
3946 3952 1
3946 3958 1
3948 3949 1
3950 3959 1
3951 3955 1
3951 3956 1
3952 3955 1
3952 3957 1
3953 3983 1
3954 3956 1
3954 3983 1
3954 3984 1
3955 3985 1
3955 3986 1
3956 3986 1
3956 3987 1
3957 3958 1
3957 3985 1
3958 3959 1
3960 3965 1
3961 3976 1
3961 3977 1
3961 3978 1
3962 3965 1
3962 3970 1
3962 3971 1
3963 3965 1
3963 3966 1
3964 3967 1
3966 3968 1
3966 3969 1
3967 3968 1
3968 3972 1
3969 3974 1
3969 3975 1
3970 3980 1
3971 3975 1
3971 4102 1
3972 3973 1
3973 4002 1
3974 4091 1
3974 4098 1
3974 4099 1
3975 4099 1
3975 4102 1
3977 3978 1
3977 3979 1
3978 3980 1
3979 3982 1
3984 3987 1
3988 3990 1
3990 4165 1
3990 4180 1
3991 3992 1
3991 3993 1
3991 3994 1
3991 3995 1
3992 3996 1
3992 3997 1
3993 3998 1
3995 3999 1
3995 4000 1
3996 4001 1
3996 4002 1
3999 4076 1
3999 4082 1
4000 4103 1
4000 4104 1
4001 4002 1
4005 4006 1
4005 4007 1
4005 4008 1
4005 4009 1
4006 4007 1
4006 4009 1
4006 4010 1
4007 4011 1
4007 4012 1
4008 4011 1
4008 4014 1
4008 4015 1
4009 4013 1
4010 4012 1
4010 4013 1
4010 4016 1
4011 4017 1
4011 4018 1
4012 4019 1
4014 4015 1
4014 4351 1
4020 4021 1
4020 4022 1
4020 4023 1
4020 4024 1
4021 4025 1
4022 4026 1
4022 4027 1
4022 4028 1
4023 4029 1
4023 4030 1
4024 4031 1
4024 4032 1
4025 4033 1
4025 4034 1
4025 4035 1
4026 4033 1
4026 4036 1
4027 4036 1
4027 4037 1
4028 4038 1
4028 4039 1
4028 4040 1
4030 4040 1
4034 4035 1
4034 4042 1
4034 4043 1
4035 4044 1
4036 4041 1
4037 4038 1
4045 4046 1
4045 4047 1
4045 4048 1
4045 4049 1
4045 4050 1
4046 4051 1
4046 4052 1
4046 4053 1
4047 4051 1
4047 4054 1
4047 4055 1
4048 4049 1
4048 4058 1
4048 4059 1
4049 4060 1
4050 4056 1
4050 4057 1
4051 4061 1
4052 4061 1
4052 4062 1
4052 4063 1
4053 4064 1
4053 4065 1
4053 4066 1
4054 4070 1
4054 4071 1
4055 4067 1
4055 4068 1
4055 4069 1
4056 4065 1
4060 4070 1
4061 4067 1
4062 4072 1
4062 4073 1
4062 4074 1
4064 4073 1
4067 4072 1
4068 4072 1
4068 4269 1
4068 4270 1
4072 4262 1
4073 4263 1
4073 4264 1
4074 4265 1
4074 4266 1
4075 4076 1
4075 4077 1
4075 4078 1
4076 4079 1
4077 4080 1
4077 4081 1
4079 4083 1
4080 4084 1
4080 4085 1
4082 4103 1
4082 4105 1
4084 4086 1
4084 4087 1
4084 4088 1
4085 4089 1
4085 4090 1
4086 4091 1
4086 4092 1
4087 4093 1
4087 4094 1
4087 4095 1
4088 4096 1
4088 4097 1
4089 4106 1
4090 4106 1
4090 4108 1
4091 4092 1
4092 4097 1
4093 4119 1
4093 4120 1
4095 4119 1
4095 4123 1
4099 4100 1
4099 4101 1
4100 4101 1
4103 4124 1
4104 4128 1
4104 4129 1
4105 4124 1
4105 4125 1
4106 4107 1
4107 4109 1
4107 4110 1
4109 4111 1
4109 4112 1
4111 4113 1
4111 4114 1
4111 4115 1
4113 4116 1
4114 4115 1
4114 4117 1
4117 4153 1
4117 4159 1
4118 4120 1
4118 4121 1
4119 4122 1
4120 4121 1
4120 4122 1
4124 4126 1
4124 4127 1
4125 4182 1
4125 4183 1
4126 4128 1
4126 4184 1
4127 4185 1
4127 4186 1
4128 4184 1
4129 4184 1
4129 4187 1
4130 4132 1
4133 4136 1
4134 4139 1
4135 4137 1
4135 4138 1
4137 4138 1
4138 4140 1
4138 4141 1
4139 4141 1
4139 4177 1
4140 4141 1
4140 4142 1
4140 4143 1
4142 4143 1
4142 4144 1
4143 4145 1
4143 4146 1
4145 4146 1
4145 4147 1
4145 4148 1
4146 4149 1
4148 4149 1
4148 4150 1
4148 4151 1
4149 4154 1
4151 4152 1
4151 4153 1
4151 4154 1
4153 4155 1
4153 4156 1
4154 4157 1
4155 4158 1
4156 4157 1
4156 4159 1
4157 4176 1
4158 4160 1
4164 4167 1
4164 4168 1
4165 4180 1
4169 4174 1
4169 4175 1
4170 4172 1
4170 4173 1
4171 4172 1
4173 4175 1
4177 4178 1
4177 4179 1
4180 4181 1
4182 4183 1
4185 4188 1
4188 4189 1
4193 4194 1
4193 4195 1
4193 4196 1
4193 4197 1
4194 4198 1
4194 4199 1
4195 4200 1
4195 4201 1
4195 4202 1
4196 4203 1
4196 4204 1
4197 4205 1
4197 4206 1
4198 4207 1
4198 4208 1
4200 4207 1
4200 4209 1
4200 4210 1
4201 4211 1
4201 4212 1
4202 4213 1
4202 4214 1
4207 4215 1
4208 4217 1
4210 4216 1
4210 4217 1
4218 4219 1
4218 4220 1
4219 4221 1
4219 4222 1
4219 4223 1
4220 4221 1
4220 4224 1
4220 4225 1
4221 4226 1
4222 4226 1
4222 4227 1
4222 4228 1
4223 4229 1
4223 4230 1
4224 4232 1
4224 4233 1
4224 4234 1
4225 4229 1
4225 4235 1
4226 4231 1
4227 4231 1
4234 4235 1
4239 4240 1
4239 4241 1
4239 4242 1
4239 4243 1
4240 4241 1
4240 4244 1
4240 4245 1
4241 4246 1
4241 4247 1
4242 4248 1
4242 4249 1
4243 4250 1
4243 4251 1
4244 4252 1
4244 4253 1
4244 4254 1
4245 4255 1
4245 4256 1
4246 4259 1
4246 4260 1
4247 4257 1
4247 4258 1
4248 4252 1
4248 4798 1
4249 4250 1
4249 4798 1
4252 4751 1
4252 4797 1
4253 4755 1
4253 4800 1
4254 4744 1
4254 4750 1
4254 4751 1
4255 4835 1
4255 4836 1
4255 4837 1
4255 4838 1
4256 4642 1
4256 4645 1
4257 4259 1
4257 4427 1
4257 4471 1
4259 4564 1
4260 4566 1
4260 4567 1
4262 4265 1
4262 4267 1
4262 4268 1
4263 4274 1
4265 4274 1
4267 4269 1
4267 4271 1
4268 4272 1
4268 4273 1
4269 4275 1
4269 4276 1
4270 4283 1
4270 4284 1
4271 4277 1
4275 4281 1
4275 4282 1
4276 4278 1
4276 4279 1
4276 4280 1
4285 4286 1
4285 4287 1
4285 4288 1
4285 4289 1
4286 4287 1
4286 4290 1
4286 4291 1
4286 4292 1
4287 4293 1
4287 4294 1
4288 4295 1
4288 4296 1
4289 4297 1
4289 4298 1
4290 4291 1
4290 4299 1
4291 4300 1
4293 4301 1
4293 4302 1
4293 4303 1
4294 4304 1
4294 4305 1
4295 4296 1
4295 4306 1
4295 4307 1
4296 4308 1
4297 4413 1
4297 4418 1
4298 4325 1
4298 4421 1
4299 4360 1
4299 4361 1
4299 4362 1
4301 4314 1
4301 4315 1
4302 4318 1
4302 4319 1
4303 4320 1
4303 4321 1
4306 4309 1
4306 4310 1
4307 4308 1
4307 4310 1
4307 4311 1
4307 4312 1
4307 4313 1
4308 4671 1
4309 4314 1
4310 4314 1
4311 4312 1
4311 4482 1
4312 4475 1
4312 4478 1
4312 4481 1
4313 4481 1
4313 4671 1
4315 4316 1
4315 4317 1
4316 4318 1
4317 4665 1
4317 4666 1
4318 4667 1
4319 4669 1
4319 4670 1
4320 4443 1
4321 4674 1
4322 4323 1
4322 4324 1
4322 4325 1
4323 4324 1
4323 4326 1
4324 4327 1
4325 4328 1
4326 4329 1
4326 4330 1
4327 4331 1
4327 4332 1
4328 4728 1
4328 4816 1
4329 4330 1
4329 4421 1
4330 4477 1
4331 4484 1
4331 4485 1
4333 4334 1
4333 4335 1
4333 4336 1
4334 4337 1
4334 4338 1
4335 4339 1
4335 4340 1
4337 4341 1
4338 4342 1
4338 4343 1
4338 4344 1
4339 4345 1
4339 4346 1
4340 4346 1
4340 4347 1
4340 4348 1
4341 4356 1
4342 4361 1
4342 4366 1
4342 4367 1
4343 4344 1
4343 4348 1
4345 4349 1
4345 4350 1
4346 4351 1
4347 4348 1
4349 4352 1
4349 4353 1
4350 4354 1
4350 4355 1
4351 4856 1
4352 4356 1
4352 4357 1
4354 4728 1
4354 4822 1
4356 4358 1
4357 4359 1
4358 4359 1
4359 4819 1
4362 4363 1
4362 4364 1
4362 4365 1
4365 4460 1
4366 4368 1
4367 4369 1
4367 4370 1
4368 4371 1
4369 4461 1
4371 4372 1
4371 4373 1
4372 4374 1
4372 4375 1
4373 4376 1
4373 4377 1
4374 4378 1
4374 4379 1
4375 4380 1
4375 4381 1
4379 4382 1
4379 4383 1
4380 4411 1
4380 4413 1
4382 4384 1
4382 4385 1
4383 4386 1
4383 4387 1
4384 4388 1
4384 4389 1
4386 4414 1
4389 4390 1
4389 4391 1
4390 4392 1
4390 4393 1
4392 4394 1
4392 4395 1
4394 4396 1
4394 4397 1
4397 4398 1
4397 4399 1
4398 4400 1
4398 4401 1
4401 4402 1
4401 4403 1
4402 4404 1
4402 4405 1
4403 4406 1
4403 4407 1
4407 4408 1
4407 4409 1
4408 4410 1
4408 4411 1
4411 4412 1
4412 4414 1
4412 4415 1
4412 4416 1
4413 4417 1
4417 4419 1
4417 4420 1
4419 4420 1
4421 4675 1
4422 4423 1
4422 4424 1
4423 4425 1
4424 4426 1
4424 4427 1
4425 4428 1
4425 4429 1
4426 4437 1
4426 4440 1
4427 4442 1
4427 4443 1
4428 4430 1
4428 4431 1
4429 4432 1
4429 4433 1
4430 4434 1
4431 4435 1
4431 4436 1
4432 4436 1
4432 4449 1
4434 4435 1
4434 4437 1
4435 4439 1
4436 4445 1
4437 4438 1
4438 4439 1
4438 4441 1
4439 4444 1
4441 4447 1
4441 4448 1
4444 4445 1
4444 4446 1
4445 4450 1
4446 4450 1
4446 4463 1
4446 4464 1
4447 4465 1
4447 4470 1
4448 4525 1
4448 4526 1
4449 4451 1
4450 4451 1
4451 4475 1
4452 4453 1
4452 4454 1
4452 4455 1
4453 4454 1
4453 4456 1
4454 4457 1
4455 4458 1
4455 4459 1
4456 4460 1
4456 4461 1
4457 4462 1
4463 4465 1
4463 4467 1
4464 4521 1
4464 4523 1
4465 4466 1
4466 4468 1
4466 4469 1
4467 4468 1
4467 4471 1
4469 4470 1
4469 4471 1
4471 4472 1
4471 4473 1
4472 4530 1
4472 4535 1
4473 4538 1
4473 4539 1
4474 4475 1
4474 4476 1
4474 4477 1
4475 4478 1
4476 4479 1
4476 4480 1
4477 4480 1
4478 4482 1
4480 4483 1
4481 4675 1
4482 4672 1
4483 4484 1
4485 4486 1
4485 4487 1
4486 4488 1
4486 4489 1
4487 4490 1
4487 4491 1
4488 4492 1
4488 4493 1
4488 4494 1
4489 4490 1
4489 4495 1
4490 4707 1
4491 4707 1
4492 4496 1
4492 4497 1
4493 4498 1
4493 4499 1
4495 4707 1
4495 4708 1
4496 4497 1
4496 4500 1
4496 4501 1
4497 4502 1
4498 4708 1
4498 4711 1
4500 4503 1
4500 4504 1
4501 4505 1
4501 4506 1
4501 4507 1
4502 4505 1
4502 4595 1
4502 4596 1
4503 4508 1
4503 4509 1
4504 4507 1
4504 4510 1
4505 4531 1
4506 4517 1
4506 4527 1
4506 4531 1
4509 4511 1
4510 4512 1
4510 4513 1
4512 4514 1
4512 4515 1
4513 4516 1
4513 4517 1
4515 4518 1
4515 4519 1
4516 4523 1
4516 4527 1
4519 4520 1
4519 4521 1
4521 4522 1
4523 4524 1
4527 4528 1
4527 4529 1
4528 4529 1
4528 4530 1
4529 4532 1
4529 4533 1
4530 4534 1
4531 4532 1
4532 4612 1
4533 4605 1
4533 4612 1
4533 4616 1
4534 4536 1
4534 4537 1
4535 4538 1
4536 4538 1
4536 4540 1
4537 4543 1
4537 4588 1
4539 4544 1
4539 4549 1
4540 4541 1
4540 4542 1
4540 4543 1
4541 4544 1
4541 4545 1
4542 4545 1
4542 4546 1
4542 4547 1
4545 4548 1
4546 4587 1
4546 4590 1
4547 4588 1
4548 4551 1
4548 4582 1
4549 4550 1
4549 4551 1
4550 4566 1
4550 4578 1
4551 4580 1
4552 4553 1
4552 4554 1
4552 4555 1
4553 4556 1
4553 4557 1
4554 4558 1
4555 4559 1
4555 4560 1
4556 4558 1
4556 4561 1
4557 4562 1
4557 4563 1
4558 4563 1
4559 4579 1
4564 4565 1
4565 4578 1
4566 4568 1
4567 4574 1
4568 4569 1
4568 4570 1
4569 4571 1
4569 4572 1
4570 4573 1
4570 4574 1
4571 4575 1
4571 4576 1
4572 4577 1
4573 4577 1
4573 4643 1
4574 4647 1
4575 4580 1
4575 4583 1
4576 4585 1
4576 4586 1
4577 4585 1
4578 4579 1
4580 4581 1
4581 4582 1
4581 4584 1
4582 4593 1
4582 4637 1
4585 4650 1
4586 4638 1
4587 4588 1
4587 4589 1
4589 4591 1
4589 4592 1
4590 4593 1
4590 4594 1
4591 4635 1
4591 4640 1
4592 4657 1
4592 4660 1
4593 4636 1
4595 4597 1
4595 4598 1
4596 4599 1
4596 4600 1
4597 4598 1
4597 4610 1
4597 4620 1
4598 4621 1
4599 4712 1
4599 4714 1
4599 4721 1
4600 4711 1
4601 4602 1
4601 4603 1
4601 4604 1
4602 4605 1
4602 4606 1
4602 4607 1
4603 4608 1
4603 4609 1
4604 4606 1
4605 4608 1
4606 4610 1
4606 4611 1
4607 4612 1
4608 4613 1
4609 4613 1
4609 4614 1
4610 4611 1
4610 4612 1
4611 4616 1
4611 4620 1
4613 4615 1
4614 4617 1
4614 4618 1
4615 4618 1
4615 4619 1
4616 4623 1
4616 4634 1
4617 4619 1
4617 4634 1
4618 4663 1
4619 4662 1
4620 4622 1
4620 4623 1
4621 4624 1
4621 4625 1
4622 4624 1
4622 4629 1
4623 4625 1
4623 4631 1
4624 4626 1
4625 4627 1
4625 4628 1
4626 4627 1
4626 4630 1
4627 4629 1
4628 4632 1
4628 4633 1
4629 4630 1
4631 4632 1
4631 4635 1
4632 4690 1
4633 4826 1
4633 4829 1
4634 4662 1
4635 4646 1
4636 4638 1
4636 4639 1
4638 4664 1
4640 4641 1
4640 4642 1
4641 4643 1
4641 4644 1
4642 4645 1
4643 4647 1
4644 4648 1
4644 4649 1
4645 4761 1
4645 4839 1
4646 4696 1
4647 4648 1
4650 4651 1
4650 4652 1
4651 4653 1
4651 4654 1
4652 4655 1
4652 4656 1
4653 4657 1
4653 4658 1
4654 4655 1
4655 4656 1
4656 4661 1
4657 4659 1
4658 4660 1
4658 4661 1
4661 4664 1
4665 4668 1
4665 4673 1
4666 4667 1
4667 4668 1
4668 4674 1
4672 4673 1
4675 4676 1
4677 4678 1
4677 4679 1
4677 4680 1
4678 4679 1
4678 4681 1
4678 4682 1
4678 4683 1
4679 4682 1
4679 4684 1
4680 4684 1
4680 4685 1
4681 4686 1
4681 4687 1
4682 4686 1
4683 4685 1
4683 4687 1
4684 4686 1
4684 4688 1
4689 4690 1
4689 4691 1
4689 4692 1
4691 4692 1
4691 4693 1
4692 4694 1
4693 4696 1
4693 4697 1
4694 4697 1
4694 4698 1
4695 4845 1
4696 4698 1
4697 4698 1
4699 4700 1
4699 4701 1
4700 4702 1
4701 4703 1
4701 4704 1
4702 4705 1
4702 4706 1
4708 4709 1
4708 4710 1
4709 4712 1
4709 4713 1
4709 4714 1
4710 4715 1
4710 4716 1
4711 4712 1
4713 4717 1
4713 4718 1
4714 4719 1
4714 4720 1
4715 4717 1
4715 4724 1
4716 4732 1
4716 4733 1
4717 4722 1
4717 4723 1
4718 4730 1
4718 4731 1
4719 4727 1
4719 4783 1
4719 4786 1
4720 4784 1
4720 4793 1
4720 4794 1
4721 4793 1
4722 4725 1
4722 4726 1
4723 4725 1
4723 4727 1
4724 4728 1
4724 4729 1
4725 4791 1
4727 4786 1
4727 4792 1
4728 4817 1
4730 4792 1
4733 4823 1
4733 4824 1
4734 4735 1
4734 4736 1
4735 4738 1
4735 4739 1
4736 4740 1
4736 4741 1
4737 4743 1
4738 4772 1
4738 4777 1
4740 4782 1
4742 4744 1
4742 4745 1
4744 4746 1
4744 4747 1
4745 4747 1
4745 4748 1
4746 4750 1
4747 4751 1
4748 4797 1
4748 4879 1
4749 4879 1
4749 4881 1
4750 4752 1
4752 4753 1
4752 4754 1
4752 4755 1
4753 4756 1
4754 4757 1
4754 4758 1
4755 4758 1
4756 4759 1
4756 4760 1
4757 4840 1
4758 4800 1
4759 4762 1
4759 4763 1
4760 4763 1
4761 4837 1
4762 4764 1
4762 4765 1
4766 4768 1
4767 4768 1
4767 4769 1
4768 4770 1
4769 4770 1
4769 4773 1
4770 4771 1
4771 4772 1
4771 4773 1
4772 4774 1
4772 4775 1
4773 4776 1
4774 4776 1
4774 4778 1
4774 4779 1
4775 4780 1
4775 4781 1
4777 4780 1
4777 4782 1
4778 4779 1
4783 4784 1
4783 4785 1
4784 4787 1
4785 4788 1
4785 4789 1
4786 4790 1
4786 4791 1
4788 4820 1
4788 4854 1
4789 4794 1
4789 4830 1
4790 4791 1
4790 4820 1
4790 4857 1
4793 4795 1
4793 4796 1
4794 4796 1
4796 4829 1
4797 4799 1
4798 4801 1
4799 4882 1
4799 4890 1
4800 4835 1
4801 4892 1
4802 4803 1
4802 4804 1
4802 4805 1
4803 4804 1
4803 4806 1
4803 4807 1
4804 4808 1
4805 4809 1
4806 4808 1
4806 4810 1
4806 4811 1
4807 4812 1
4807 4813 1
4808 4814 1
4808 4815 1
4809 4812 1
4810 4813 1
4810 4846 1
4810 4847 1
4811 4815 1
4811 4848 1
4811 4849 1
4812 4847 1
4814 4851 1
4814 4852 1
4814 4853 1
4815 4850 1
4816 4818 1
4816 4819 1
4817 4820 1
4817 4821 1
4818 4822 1
4820 4855 1
4821 4859 1
4821 4860 1
4821 4861 1
4824 4825 1
4826 4827 1
4826 4828 1
4827 4829 1
4827 4830 1
4828 4831 1
4828 4832 1
4830 4833 1
4830 4834 1
4831 4834 1
4831 4841 1
4832 4841 1
4832 4842 1
4835 4836 1
4836 4838 1
4837 4838 1
4837 4839 1
4837 4840 1
4838 4840 1
4842 4843 1
4842 4844 1
4844 4845 1
4846 4862 1
4846 4864 1
4846 4865 1
4847 4864 1
4847 4871 1
4848 4862 1
4848 4866 1
4849 4866 1
4849 4872 1
4854 4855 1
4854 4856 1
4855 4858 1
4856 4877 1
4858 4861 1
4862 4863 1
4863 4865 1
4863 4866 1
4863 4867 1
4864 4868 1
4864 4869 1
4865 4870 1
4866 4873 1
4867 4870 1
4867 4873 1
4868 4871 1
4872 4873 1
4875 4878 1
4881 4882 1
4881 4883 1
4881 4884 1
4882 4885 1
4882 4886 1
4883 4887 1
4883 4888 1
4884 4886 1
4884 4888 1
4884 4889 1
4885 4891 1
4885 4892 1
4885 4893 1
4886 4894 1
4887 4925 1
4887 4926 1
4888 4927 1
4888 4928 1
4890 4895 1
4890 4896 1
4890 4897 1
4898 4929 1
4898 4930 1
4899 4900 1
4899 4901 1
4899 4902 1
4900 4903 1
4900 4904 1
4901 4905 1
4901 4906 1
4902 4907 1
4902 4908 1
4903 4909 1
4903 4910 1
4904 4911 1
4904 4912 1
4905 4913 1
4905 4914 1
4909 4913 1
4909 4916 1
4909 4917 1
4910 4923 1
4910 4924 1
4913 4915 1
4915 4918 1
4915 4919 1
4916 4920 1
4916 4921 1
4917 4918 1
4917 4922 1
4925 4953 1
4925 4960 1
4926 4965 1
4926 4966 1
4927 4997 1
4929 4931 1
4929 4932 1
4929 4933 1
4930 4934 1
4931 4935 1
4931 4936 1
4932 4934 1
4932 4940 1
4933 4937 1
4933 4938 1
4933 4939 1
4935 4941 1
4935 4942 1
4936 4943 1
4936 4944 1
4941 4945 1
4941 4946 1
4943 4961 1
4945 4947 1
4945 4948 1
4947 4949 1
4947 4950 1
4949 4951 1
4950 4952 1
4950 4953 1
4951 4952 1
4951 4954 1
4952 4957 1
4953 4959 1
4954 4955 1
4954 4956 1
4955 4956 1
4955 4958 1
4959 4961 1
4959 4962 1
4960 4963 1
4960 4964 1
4967 4968 1
4967 4969 1
4967 4970 1
4967 4971 1
4968 4972 1
4968 4973 1
4969 4974 1
4969 4975 1
4970 4976 1
4970 4977 1
4971 4978 1
4971 4979 1
4971 4980 1
4972 4981 1
4972 4982 1
4973 4982 1
4974 4986 1
4975 4991 1
4975 4992 1
4981 4983 1
4981 4984 1
4982 4985 1
4983 4986 1
4984 4987 1
4984 4988 1
4984 4989 1
4986 4990 1
4989 4990 1
4990 4991 1
4993 4994 1
4993 4995 1
4994 4996 1
4994 4997 1
4995 4998 1
4995 4999 1
4996 4998 1
4996 4999 1
